0.005	0.02
0.01	0.02
0.01	0.02
0.005	0.02
0.01	0.02
0.005	0.02
0.005	0.02
0.01	0.02
0.01	0.02
0.005	0.02
0.01	0.06
0.01	0.06
0.06	0.58
0.065	0.6
0.095	0.9400000000000001
0.095	0.9400000000000001
0.115	1.1400000000000001
0.115	1.16
0.13	1.3
0.135	1.3
0.145	1.44
0.145	1.44
0.16	1.58
0.16	1.6
0.18	1.76
0.18	1.76
0.195	1.92
0.195	1.92
0.21	2.1
0.21	2.1
0.23	2.2600000000000002
0.225	2.2600000000000002
0.245	2.44
0.245	2.44
0.26	2.6
0.26	2.6
0.28	2.7800000000000002
0.28	2.7800000000000002
0.295	2.96
0.3	2.96
0.315	3.14
0.315	3.14
0.33	3.3000000000000003
0.335	3.3000000000000003
0.355	3.48
0.35000000000000003	3.48
0.37	3.64
0.37	3.64
0.39	3.8200000000000003
0.385	3.8200000000000003
0.405	4.0
0.405	4.0
0.425	4.16
0.44	4.34
0.44	4.34
0.46	4.5200000000000005
0.46	4.5200000000000005
0.48	4.68
0.48	4.68
0.495	4.84
0.495	4.86
0.515	5.0200000000000005
0.515	5.0200000000000005
0.535	5.2
0.535	5.2
0.55	5.38
0.55	5.38
0.5750000000000001	5.54
0.5700000000000001	5.54
0.59	5.72
0.59	5.72
0.61	5.9
0.605	5.9
0.625	6.0600000000000005
0.625	6.0600000000000005
0.645	6.24
0.645	6.24
0.66	6.4
0.66	6.4
0.68	6.58
0.68	6.58
0.7000000000000001	6.72
0.7000000000000001	6.74
0.715	6.88
0.72	6.88
0.735	7.04
0.735	7.04
0.755	7.2
0.75	7.22
0.77	7.4
0.77	7.38
0.785	7.54
0.79	7.54
0.81	7.7
0.805	7.72
0.8250000000000001	7.88
0.8250000000000001	7.9
0.845	8.06
0.845	8.040000000000001
0.865	8.24
0.865	8.22
0.88	8.38
0.885	8.38
0.905	8.56
0.92	8.72
0.92	8.72
0.9400000000000001	8.88
0.935	8.88
0.96	9.040000000000001
0.96	9.02
0.975	9.200000000000001
0.975	9.200000000000001
0.995	9.36
0.995	9.38
1.0150000000000001	9.540000000000001
1.0150000000000001	9.540000000000001
1.035	9.700000000000001
1.035	9.700000000000001
1.05	9.86
1.055	9.86
1.07	10.02
1.07	10.02
1.09	10.16
1.09	10.18
1.11	10.34
1.11	10.34
1.1300000000000001	10.52
1.1300000000000001	10.52
1.1500000000000001	10.68
1.1500000000000001	10.68
1.17	10.84
1.17	10.84
1.19	11.0
1.19	11.0
1.21	11.16
1.205	11.18
1.225	11.32
1.225	11.32
1.245	11.48
1.245	11.48
1.2650000000000001	11.64
1.2650000000000001	11.64
1.285	11.8
1.285	11.8
1.305	11.96
1.3	11.96
1.32	12.120000000000001
1.325	12.120000000000001
1.34	12.280000000000001
1.335	12.280000000000001
1.36	12.44
1.36	12.44
1.385	12.6
1.3800000000000001	12.6
1.4000000000000001	12.76
1.42	12.9
1.42	12.92
1.44	13.08
1.44	13.08
1.46	13.24
1.46	13.24
1.48	13.4
1.48	13.4
1.5	13.540000000000001
1.5	13.540000000000001
1.52	13.72
1.52	13.700000000000001
1.5350000000000001	13.86
1.5350000000000001	13.86
1.555	14.02
1.56	14.02
1.575	14.16
1.575	14.16
1.595	14.32
1.595	14.32
1.62	14.48
1.615	14.48
1.635	14.64
1.635	14.64
1.655	14.8
1.655	14.780000000000001
1.675	14.94
1.675	14.96
1.695	15.1
1.695	15.1
1.715	15.24
1.715	15.24
1.735	15.4
1.735	15.4
1.7550000000000001	15.56
1.7550000000000001	15.56
1.7750000000000001	15.72
1.7750000000000001	15.72
1.795	15.860000000000001
1.795	15.860000000000001
1.815	16.02
1.815	16.02
1.835	16.18
1.835	16.18
1.855	16.34
1.855	16.34
1.875	16.48
1.875	16.48
1.895	16.62
1.895	16.62
1.915	16.78
1.935	16.92
1.935	16.94
1.955	17.080000000000002
1.955	17.080000000000002
1.975	17.22
1.975	17.240000000000002
1.995	17.38
1.995	17.38
2.015	17.52
2.015	17.52
2.035	17.68
2.04	17.68
2.055	17.82
2.055	17.82
2.075	17.98
2.075	17.98
2.095	18.12
2.095	18.12
2.115	18.28
2.12	18.28
2.1350000000000002	18.42
2.1350000000000002	18.42
2.16	18.580000000000002
2.16	18.580000000000002
2.1750000000000003	18.72
2.1750000000000003	18.72
2.195	18.88
2.2	18.86
2.215	19.0
2.215	19.0
2.235	19.16
2.235	19.16
2.255	19.3
2.255	19.3
2.2800000000000002	19.46
2.2800000000000002	19.44
2.295	19.580000000000002
2.3000000000000003	19.6
2.32	19.740000000000002
2.32	19.740000000000002
2.34	19.88
2.34	19.88
2.36	20.02
2.36	20.02
2.38	20.16
2.38	20.16
2.4	20.22
2.4	20.22
2.42	20.22
2.42	20.22
