0.01	0.02
0.01	0.02
0.005	0.02
0.005	0.02
0.01	0.02
0.005	0.02
0.01	0.02
0.005	0.02
0.01	0.02
0.005	0.04
0.01	0.06
0.01	0.06
0.06	0.58
0.06	0.58
0.095	0.9400000000000001
0.095	0.9400000000000001
0.115	1.1400000000000001
0.115	1.1400000000000001
0.13	1.3
0.135	1.3
0.145	1.44
0.145	1.44
0.16	1.6
0.16	1.6
0.18	1.76
0.18	1.76
0.195	1.92
0.195	1.92
0.21	2.1
0.21	2.1
0.225	2.2600000000000002
0.23	2.2600000000000002
0.245	2.44
0.245	2.44
0.265	2.62
0.265	2.62
0.28	2.8000000000000003
0.28	2.8000000000000003
0.3	2.96
0.3	2.94
0.32	3.12
0.315	3.14
0.335	3.3000000000000003
0.335	3.3000000000000003
0.35000000000000003	3.48
0.355	3.48
0.37	3.64
0.37	3.64
0.385	3.8200000000000003
0.39	3.8200000000000003
0.405	4.0
0.405	4.0
0.425	4.16
0.44	4.32
0.44	4.34
0.46	4.5200000000000005
0.46	4.5200000000000005
0.47500000000000003	4.68
0.48	4.68
0.495	4.86
0.495	4.86
0.515	5.04
0.515	5.0200000000000005
0.535	5.2
0.53	5.2
0.55	5.36
0.55	5.38
0.5700000000000001	5.54
0.5700000000000001	5.54
0.59	5.72
0.585	5.72
0.605	5.88
0.605	5.9
0.625	6.0600000000000005
0.625	6.0600000000000005
0.64	6.24
0.645	6.24
0.66	6.38
0.66	6.4
0.68	6.5600000000000005
0.68	6.5600000000000005
0.6950000000000001	6.72
0.6950000000000001	6.72
0.715	6.9
0.715	6.9
0.735	7.04
0.73	7.04
0.75	7.22
0.75	7.22
0.77	7.38
0.765	7.38
0.79	7.54
0.79	7.5600000000000005
0.805	7.7
0.805	7.7
0.8250000000000001	7.88
0.8250000000000001	7.88
0.845	8.040000000000001
0.84	8.040000000000001
0.865	8.22
0.86	8.22
0.88	8.38
0.88	8.38
0.9	8.56
0.92	8.72
0.915	8.72
0.9400000000000001	8.88
0.9400000000000001	8.88
0.9550000000000001	9.040000000000001
0.9550000000000001	9.040000000000001
0.975	9.200000000000001
0.975	9.200000000000001
0.995	9.38
0.995	9.36
1.0150000000000001	9.540000000000001
1.0150000000000001	9.540000000000001
1.03	9.700000000000001
1.03	9.700000000000001
1.05	9.86
1.05	9.86
1.07	10.02
1.07	10.02
1.09	10.18
1.09	10.18
1.105	10.34
1.105	10.34
1.125	10.52
1.1300000000000001	10.5
1.145	10.68
1.145	10.66
1.165	10.84
1.165	10.84
1.19	11.0
1.185	11.0
1.205	11.16
1.205	11.16
1.225	11.32
1.225	11.32
1.245	11.48
1.245	11.5
1.26	11.620000000000001
1.26	11.620000000000001
1.28	11.8
1.285	11.8
1.305	11.96
1.3	11.94
1.32	12.120000000000001
1.32	12.120000000000001
1.34	12.280000000000001
1.34	12.280000000000001
1.36	12.44
1.36	12.44
1.375	12.58
1.3800000000000001	12.6
1.395	12.76
1.415	12.9
1.415	12.9
1.435	13.06
1.44	13.06
1.46	13.22
1.455	13.22
1.475	13.38
1.475	13.38
1.495	13.540000000000001
1.5	13.540000000000001
1.52	13.700000000000001
1.5150000000000001	13.72
1.5350000000000001	13.86
1.5350000000000001	13.84
1.555	14.02
1.555	14.02
1.575	14.16
1.575	14.16
1.595	14.32
1.595	14.32
1.615	14.46
1.61	14.48
1.6300000000000001	14.64
1.6300000000000001	14.620000000000001
1.6500000000000001	14.780000000000001
1.655	14.780000000000001
1.675	14.94
1.67	14.94
1.69	15.08
1.69	15.08
1.71	15.24
1.71	15.24
1.73	15.38
1.73	15.4
1.7550000000000001	15.540000000000001
1.75	15.56
1.77	15.700000000000001
1.77	15.700000000000001
1.79	15.860000000000001
1.79	15.860000000000001
1.81	16.0
1.81	16.02
1.83	16.16
1.83	16.16
1.85	16.32
1.85	16.32
1.87	16.46
1.875	16.46
1.8900000000000001	16.62
1.885	16.62
1.9100000000000001	16.78
1.93	16.92
1.93	16.92
1.95	17.06
1.95	17.06
1.97	17.22
1.97	17.22
1.99	17.38
1.995	17.36
2.0100000000000002	17.52
2.0100000000000002	17.52
2.0300000000000002	17.66
2.0300000000000002	17.68
2.05	17.82
2.05	17.82
2.07	17.98
2.07	17.96
2.095	18.12
2.09	18.12
2.11	18.26
2.115	18.28
2.13	18.400000000000002
2.13	18.400000000000002
2.1550000000000002	18.56
2.1550000000000002	18.56
2.17	18.7
2.1750000000000003	18.7
2.19	18.86
2.19	18.84
2.21	19.0
2.21	18.98
2.235	19.16
2.23	19.14
2.255	19.28
2.255	19.28
2.275	19.44
2.27	19.44
2.29	19.580000000000002
2.295	19.580000000000002
2.315	19.72
2.315	19.72
2.33	19.88
2.335	19.86
2.355	20.02
2.355	20.02
2.375	20.16
2.37	20.16
2.395	20.22
2.395	20.22
2.415	20.22
2.415	20.22
