0.005	0.04
0.005	0.02
0.005	0.02
0.005	0.02
0.005	0.02
0.0	0.02
0.0	0.02
0.0	0.02
0.0	0.02
-0.06	0.02
-0.06	0.04
-0.115	0.02
-0.14	0.02
-0.165	0.02
-0.165	0.02
-0.195	0.02
-0.225	0.04
-0.255	0.02
-0.28500000000000003	0.04
-0.28500000000000003	0.02
-0.315	0.02
-0.34500000000000003	0.02
-0.375	0.02
-0.41000000000000003	0.02
-0.41000000000000003	0.02
-0.44	0.02
-0.47000000000000003	0.04
-0.505	0.02
-0.505	0.02
-0.54	0.04
-0.5700000000000001	0.02
-0.6	0.02
-0.63	0.02
-0.63	0.02
-0.665	0.02
-0.6950000000000001	0.02
-0.725	0.02
-0.76	0.04
-0.76	0.02
-0.79	0.02
-0.8250000000000001	0.02
-0.855	0.02
-0.855	0.02
-0.885	0.02
-0.915	0.04
-0.9500000000000001	0.02
-0.98	0.02
-0.98	0.02
-1.01	0.02
-1.045	0.02
-1.08	0.02
-1.08	0.02
-1.11	0.02
-1.1400000000000001	0.02
-1.17	0.02
-1.195	0.02
-1.195	0.02
-1.225	0.02
-1.26	0.02
-1.29	0.02
-1.325	0.02
-1.325	0.02
-1.355	0.02
-1.3900000000000001	0.04
-1.415	0.02
-1.42	0.02
-1.45	0.02
-1.485	0.02
-1.5150000000000001	0.02
-1.55	0.02
-1.545	0.02
-1.58	0.02
-1.61	0.02
-1.645	0.04
-1.675	0.04
-1.675	0.04
-1.705	0.02
-1.74	0.02
-1.77	0.02
-1.77	0.04
-1.805	0.04
-1.835	0.04
-1.865	0.04
-1.9000000000000001	0.02
-1.9000000000000001	0.02
-1.93	0.02
-1.965	0.04
-1.995	0.04
-2.025	0.04
-2.0300000000000002	0.02
-2.06	0.02
-2.09	0.02
-2.12	0.02
-2.12	0.02
-2.15	0.02
-2.185	0.02
-2.215	0.02
-2.25	0.02
-2.25	0.04
-2.2800000000000002	0.02
-2.315	0.04
-2.345	0.04
-2.345	0.04
-2.375	0.02
-2.41	0.02
-2.44	0.02
-2.475	0.02
-2.475	0.02
-2.505	0.02
-2.54	0.02
-2.565	0.02
-2.6	0.0
-2.6	0.0
-2.625	-0.02
-2.6550000000000002	-0.04
-2.69	-0.08
-2.69	-0.08
-2.715	-0.1
-2.745	-0.16
-2.775	-0.2
-2.805	-0.26
-2.805	-0.24
-2.83	-0.32
-2.86	-0.38
-2.8850000000000002	-0.42
-2.91	-0.52
-2.91	-0.5
-2.94	-0.58
-2.96	-0.66
-2.985	-0.74
-2.99	-0.74
-3.015	-0.8200000000000001
-3.035	-0.92
-3.065	-1.0
-3.085	-1.1
-3.085	-1.12
-3.11	-1.22
-3.1350000000000002	-1.34
-3.1550000000000002	-1.44
-3.18	-1.56
-3.18	-1.56
-3.205	-1.68
-3.225	-1.82
-3.245	-1.94
-3.245	-1.94
-3.27	-2.06
-3.295	-2.2
-3.31	-2.34
-3.335	-2.5
-3.335	-2.5
-3.355	-2.64
-3.375	-2.7800000000000002
-3.395	-2.92
-3.395	-2.94
-3.42	-3.08
-3.435	-3.24
-3.455	-3.4
-3.475	-3.56
-3.475	-3.56
-3.495	-3.72
-3.515	-3.9
-3.535	-4.08
-3.555	-4.26
-3.555	-4.24
-3.575	-4.42
-3.59	-4.6000000000000005
-3.61	-4.76
-3.61	-4.76
-3.625	-4.96
-3.645	-5.12
-3.665	-5.32
-3.68	-5.5
-3.68	-5.5
-3.7	-5.7
-3.72	-5.86
-3.735	-6.0600000000000005
-3.75	-6.26
-3.75	-6.24
-3.77	-6.46
-3.785	-6.66
-3.8000000000000003	-6.86
-3.805	-6.86
-3.8200000000000003	-7.0600000000000005
-3.84	-7.26
-3.855	-7.48
-3.87	-7.66
-3.87	-7.66
-3.89	-7.88
-3.9	-8.08
-3.92	-8.28
-3.935	-8.5
-3.935	-8.5
-3.955	-8.72
-3.97	-8.94
-3.98	-9.120000000000001
-3.985	-9.120000000000001
-4.0	-9.34
-4.015	-9.56
-4.03	-9.8
-4.045	-10.0
-4.045	-10.0
-4.065	-10.22
-4.08	-10.46
-4.095	-10.68
-4.095	-10.68
-4.11	-10.9
-4.125	-11.120000000000001
-4.14	-11.36
-4.155	-11.58
-4.155	-11.58
-4.17	-11.8
-4.1850000000000005	-12.040000000000001
-4.2	-12.26
-4.215	-12.5
-4.21	-12.5
-4.23	-12.700000000000001
-4.245	-12.96
-4.255	-13.18
-4.255	-13.18
-4.2700000000000005	-13.42
-4.285	-13.66
-4.3	-13.88
-4.315	-14.14
-4.315	-14.120000000000001
-4.33	-14.38
-4.34	-14.620000000000001
-4.355	-14.86
-4.37	-15.1
-4.37	-15.08
-4.385	-15.34
-4.4	-15.56
-4.415	-15.82
-4.41	-15.82
-4.425	-16.06
-4.44	-16.32
-4.455	-16.54
-4.465	-16.78
-4.465	-16.8
-4.48	-17.04
-4.49	-17.3
-4.505	-17.52
-4.5200000000000005	-17.8
-4.5200000000000005	-17.8
-4.535	-18.04
-4.55	-18.3
-4.5600000000000005	-18.56
-4.5600000000000005	-18.54
-4.575	-18.8
-4.585	-19.04
-4.6000000000000005	-19.3
-4.615	-19.54
-4.615	-19.54
-4.625	-19.78
-4.64	-20.06
-4.65	-20.240000000000002
-4.65	-20.240000000000002
