0.005	0.02
0.005	0.02
0.005	0.04
0.005	0.02
0.005	0.04
0.005	0.02
0.005	0.02
0.005	0.02
0.0	0.02
0.0	0.02
-0.06	0.02
-0.115	0.02
-0.11	0.02
-0.14	0.02
-0.165	0.04
-0.195	0.02
-0.195	0.02
-0.22	0.02
-0.25	0.02
-0.28500000000000003	0.02
-0.28500000000000003	0.04
-0.315	0.02
-0.35000000000000003	0.02
-0.375	0.04
-0.375	0.02
-0.41000000000000003	0.02
-0.44	0.02
-0.47500000000000003	0.04
-0.47500000000000003	0.02
-0.505	0.02
-0.535	0.02
-0.5650000000000001	0.02
-0.5650000000000001	0.02
-0.605	0.02
-0.63	0.02
-0.665	0.02
-0.66	0.02
-0.6950000000000001	0.04
-0.725	0.02
-0.76	0.02
-0.76	0.02
-0.79	0.02
-0.8250000000000001	0.02
-0.855	0.02
-0.855	0.02
-0.885	0.02
-0.92	0.02
-0.9500000000000001	0.02
-0.9500000000000001	0.02
-0.98	0.02
-1.0150000000000001	0.04
-1.0150000000000001	0.02
-1.045	0.02
-1.08	0.02
-1.105	0.02
-1.11	0.02
-1.1400000000000001	0.04
-1.17	0.02
-1.195	0.04
-1.195	0.04
-1.225	0.02
-1.26	0.02
-1.29	0.02
-1.29	0.04
-1.325	0.02
-1.36	0.02
-1.3900000000000001	0.02
-1.385	0.02
-1.42	0.02
-1.45	0.02
-1.48	0.02
-1.485	0.02
-1.5150000000000001	0.02
-1.545	0.02
-1.575	0.02
-1.58	0.0
-1.61	0.02
-1.6400000000000001	0.0
-1.67	0.0
-1.67	0.0
-1.705	0.0
-1.735	-0.02
-1.7650000000000001	-0.02
-1.77	-0.02
-1.8	-0.04
-1.83	-0.04
-1.86	-0.06
-1.86	-0.08
-1.8900000000000001	-0.08
-1.92	-0.1
-1.95	-0.14
-1.95	-0.12
-1.98	-0.16
-2.0100000000000002	-0.18
-2.04	-0.22
-2.04	-0.2
-2.065	-0.26
-2.095	-0.28
-2.125	-0.34
-2.125	-0.34
-2.15	-0.38
-2.18	-0.44
-2.18	-0.44
-2.205	-0.5
-2.23	-0.56
-2.2600000000000002	-0.64
-2.2600000000000002	-0.64
-2.285	-0.72
-2.31	-0.78
-2.335	-0.88
-2.335	-0.88
-2.36	-0.96
-2.3850000000000002	-1.06
-2.41	-1.16
-2.41	-1.18
-2.435	-1.28
-2.455	-1.3800000000000001
-2.475	-1.52
-2.48	-1.52
-2.5	-1.6400000000000001
-2.52	-1.76
-2.545	-1.9000000000000001
-2.545	-1.9000000000000001
-2.565	-2.04
-2.585	-2.18
-2.605	-2.32
-2.605	-2.34
-2.625	-2.48
-2.65	-2.64
-2.67	-2.7800000000000002
-2.67	-2.7800000000000002
-2.69	-2.92
-2.71	-3.06
-2.735	-3.2
-2.735	-3.2
-2.755	-3.3200000000000003
-2.775	-3.48
-2.8000000000000003	-3.6
-2.8000000000000003	-3.6
-2.82	-3.74
-2.84	-3.86
-2.86	-4.0
-2.86	-4.0
-2.8850000000000002	-4.12
-2.9050000000000002	-4.28
-2.93	-4.4
-2.93	-4.4
-2.95	-4.54
-2.97	-4.7
-2.99	-4.84
-2.995	-4.84
-3.015	-4.96
-3.035	-5.12
-3.035	-5.12
-3.055	-5.26
-3.075	-5.4
-3.095	-5.5600000000000005
-3.095	-5.5600000000000005
-3.12	-5.72
-3.1350000000000002	-5.88
-3.16	-6.0200000000000005
-3.16	-6.04
-3.1750000000000003	-6.16
-3.2	-6.34
-3.22	-6.5
-3.22	-6.5
-3.235	-6.66
-3.2600000000000002	-6.84
-3.275	-7.0
-3.275	-7.0
-3.295	-7.16
-3.315	-7.36
-3.335	-7.5200000000000005
-3.335	-7.5200000000000005
-3.355	-7.7
-3.37	-7.86
-3.39	-8.040000000000001
-3.39	-8.040000000000001
-3.4050000000000002	-8.22
-3.4250000000000003	-8.42
-3.4450000000000003	-8.6
-3.4450000000000003	-8.58
-3.465	-8.76
-3.48	-8.96
-3.5	-9.14
-3.5	-9.14
-3.515	-9.34
-3.535	-9.52
-3.5500000000000003	-9.72
-3.5500000000000003	-9.72
-3.565	-9.92
-3.585	-10.120000000000001
-3.6	-10.32
-3.605	-10.32
-3.62	-10.52
-3.6350000000000002	-10.700000000000001
-3.65	-10.92
-3.6550000000000002	-10.9
-3.67	-11.120000000000001
-3.685	-11.32
-3.705	-11.540000000000001
-3.7	-11.52
-3.72	-11.74
-3.735	-11.94
-3.735	-11.94
-3.75	-12.16
-3.765	-12.36
-3.785	-12.58
-3.785	-12.58
-3.8000000000000003	-12.8
-3.81	-13.0
-3.825	-13.22
-3.83	-13.22
-3.845	-13.46
-3.86	-13.68
-3.88	-13.9
-3.875	-13.88
-3.89	-14.1
-3.9050000000000002	-14.32
-3.92	-14.56
-3.9250000000000003	-14.56
-3.94	-14.780000000000001
-3.95	-15.0
-3.9650000000000003	-15.22
-3.97	-15.22
-3.985	-15.44
-3.995	-15.66
-4.01	-15.9
-4.01	-15.9
-4.025	-16.12
-4.04	-16.36
-4.055	-16.580000000000002
-4.055	-16.580000000000002
-4.07	-16.82
-4.085	-17.06
-4.1	-17.3
-4.1	-17.3
-4.11	-17.54
-4.125	-17.76
-4.14	-18.0
-4.14	-18.0
-4.15	-18.240000000000002
-4.17	-18.48
-4.18	-18.72
-4.18	-18.72
-4.195	-18.96
-4.21	-19.2
-4.225	-19.44
-4.225	-19.44
-4.235	-19.68
-4.25	-19.92
-4.265	-20.18
-4.265	-20.18
-4.28	-20.240000000000002
-4.295	-20.240000000000002
-4.29	-20.240000000000002
