0.02	0.02
0.22	0.02
0.42	0.02
0.62	0.02
0.8200000000000001	0.02
1.02	0.02
1.22	0.04
1.42	0.02
1.62	0.02
1.82	0.02
2.02	0.02
2.22	0.02
2.42	0.04
2.62	0.04
2.82	0.02
3.02	0.02
3.22	0.04
3.42	0.04
3.63	0.04
3.8200000000000003	0.06
4.03	0.06
4.22	0.08
4.43	0.12
4.61	0.28
4.8	0.32
5.0	0.36
5.19	0.42
5.38	0.5
5.6000000000000005	0.56
5.75	0.7000000000000001
5.97	0.88
6.22	1.1
6.43	1.36
6.63	1.68
6.82	2.0
6.98	2.38
7.13	2.62
7.34	3.16
7.53	3.68
7.73	4.36
7.94	5.08
8.15	5.94
8.36	6.9
8.56	7.96
8.77	9.16
8.99	10.56
9.21	12.14
9.43	13.92
9.64	15.72
9.84	17.52
10.05	19.44
10.11	20.22
