0.005	0.02
0.005	0.02
0.005	0.02
0.005	0.02
0.01	0.02
0.005	0.02
0.005	0.02
0.005	0.02
0.005	0.02
0.01	0.02
0.01	0.02
0.005	0.04
0.05	0.46
0.05	0.48
0.09	0.9
0.09	0.9
0.11	1.12
0.115	1.1400000000000001
0.13	1.28
0.13	1.28
0.145	1.44
0.14	1.44
0.155	1.58
0.16	1.6
0.17500000000000002	1.74
0.17	1.76
0.19	1.92
0.19	1.92
0.20500000000000002	2.08
0.20500000000000002	2.08
0.225	2.24
0.22	2.24
0.24	2.42
0.24	2.42
0.255	2.6
0.255	2.6
0.27	2.7800000000000002
0.275	2.7600000000000002
0.29	2.94
0.29	2.94
0.31	3.12
0.31	3.12
0.325	3.3000000000000003
0.325	3.3000000000000003
0.34500000000000003	3.48
0.34	3.48
0.36	3.64
0.36	3.62
0.38	3.8200000000000003
0.375	3.8000000000000003
0.395	3.98
0.4	3.98
0.41500000000000004	4.16
0.43	4.34
0.43	4.34
0.45	4.5200000000000005
0.45	4.5
0.465	4.68
0.465	4.68
0.485	4.86
0.485	4.86
0.5	5.0200000000000005
0.505	5.0200000000000005
0.52	5.2
0.52	5.2
0.54	5.38
0.54	5.38
0.555	5.54
0.555	5.54
0.5750000000000001	5.7
0.5750000000000001	5.72
0.59	5.9
0.595	5.9
0.61	6.0600000000000005
0.61	6.0600000000000005
0.63	6.24
0.63	6.24
0.645	6.4
0.645	6.4
0.665	6.58
0.665	6.58
0.68	6.74
0.68	6.72
0.7000000000000001	6.9
0.7000000000000001	6.9
0.715	7.0600000000000005
0.715	7.0600000000000005
0.735	7.22
0.735	7.22
0.75	7.38
0.75	7.38
0.77	7.54
0.77	7.5600000000000005
0.785	7.72
0.79	7.72
0.81	7.9
0.81	7.88
0.8250000000000001	8.06
0.8250000000000001	8.06
0.845	8.24
0.845	8.22
0.86	8.4
0.86	8.38
0.885	8.56
0.9	8.74
0.9	8.72
0.92	8.9
0.915	8.9
0.935	9.06
0.93	9.06
0.9550000000000001	9.24
0.9550000000000001	9.22
0.975	9.4
0.97	9.38
0.995	9.56
0.99	9.56
1.01	9.72
1.01	9.72
1.03	9.88
1.03	9.9
1.045	10.06
1.05	10.06
1.065	10.22
1.065	10.22
1.085	10.36
1.085	10.36
1.105	10.540000000000001
1.105	10.540000000000001
1.12	10.700000000000001
1.125	10.700000000000001
1.1400000000000001	10.88
1.1400000000000001	10.86
1.16	11.040000000000001
1.16	11.040000000000001
1.18	11.200000000000001
1.18	11.200000000000001
1.2	11.36
1.2	11.36
1.215	11.52
1.215	11.540000000000001
1.235	11.68
1.235	11.68
1.2550000000000001	11.84
1.2550000000000001	11.84
1.2750000000000001	12.02
1.2750000000000001	12.02
1.295	12.18
1.295	12.18
1.31	12.32
1.31	12.32
1.33	12.5
1.33	12.5
1.35	12.66
1.35	12.66
1.37	12.82
1.385	12.96
1.385	12.96
1.41	13.120000000000001
1.405	13.14
1.425	13.3
1.425	13.3
1.445	13.46
1.445	13.46
1.46	13.6
1.465	13.6
1.485	13.76
1.485	13.780000000000001
1.5	13.92
1.5	13.94
1.52	14.1
1.52	14.1
1.54	14.24
1.54	14.24
1.56	14.4
1.56	14.4
1.58	14.56
1.58	14.56
1.6	14.72
1.6	14.72
1.615	14.86
1.615	14.86
1.635	15.02
1.635	15.040000000000001
1.655	15.18
1.655	15.18
1.675	15.34
1.675	15.34
1.695	15.5
1.695	15.5
1.715	15.66
1.71	15.66
1.735	15.82
1.735	15.8
1.75	15.98
1.7550000000000001	15.98
1.77	16.12
1.7750000000000001	16.12
1.795	16.28
1.795	16.28
1.81	16.44
1.81	16.42
1.835	16.6
1.83	16.580000000000002
1.85	16.72
1.85	16.740000000000002
1.87	16.88
1.8900000000000001	17.06
1.8900000000000001	17.04
1.9100000000000001	17.2
1.9100000000000001	17.2
1.93	17.34
1.93	17.36
1.95	17.52
1.95	17.52
1.97	17.66
1.97	17.66
1.985	17.82
1.985	17.82
2.005	17.96
2.005	17.96
2.025	18.12
2.025	18.12
2.045	18.26
2.045	18.26
2.065	18.44
2.065	18.42
2.085	18.56
2.085	18.580000000000002
2.105	18.740000000000002
2.105	18.72
2.125	18.88
2.125	18.88
2.145	19.02
2.145	19.02
2.165	19.18
2.16	19.18
2.185	19.32
2.18	19.32
2.2	19.48
2.2	19.48
2.22	19.62
2.22	19.64
2.24	19.78
2.24	19.78
2.2600000000000002	19.94
2.2600000000000002	19.92
2.2800000000000002	20.080000000000002
2.2800000000000002	20.080000000000002
2.3000000000000003	20.22
2.3000000000000003	20.22
2.32	20.22
2.32	20.22
2.34	20.22
2.34	20.22
2.36	20.22
2.36	20.22
