0.005	0.02
0.005	0.02
0.005	0.02
0.005	0.02
0.005	0.02
0.01	0.02
0.01	0.02
0.005	0.02
0.01	0.02
0.005	0.02
0.005	0.02
0.01	0.02
0.05	0.48
0.05	0.46
0.09	0.9
0.09	0.88
0.115	1.1
0.11	1.12
0.125	1.26
0.13	1.28
0.145	1.42
0.145	1.42
0.16	1.58
0.16	1.58
0.17500000000000002	1.74
0.17500000000000002	1.74
0.19	1.8800000000000001
0.195	1.9000000000000001
0.21	2.06
0.20500000000000002	2.06
0.225	2.22
0.22	2.22
0.24	2.4
0.24	2.4
0.26	2.58
0.255	2.58
0.275	2.7600000000000002
0.28	2.74
0.295	2.92
0.295	2.92
0.31	3.1
0.31	3.12
0.33	3.2600000000000002
0.33	3.2800000000000002
0.35000000000000003	3.44
0.35000000000000003	3.44
0.365	3.6
0.36	3.6
0.385	3.7800000000000002
0.38	3.7800000000000002
0.4	3.96
0.4	3.94
0.42	4.14
0.435	4.3
0.435	4.3
0.455	4.48
0.455	4.46
0.47500000000000003	4.64
0.47000000000000003	4.64
0.49	4.82
0.49	4.8
0.51	4.98
0.51	4.96
0.53	5.14
0.525	5.16
0.545	5.32
0.545	5.32
0.5650000000000001	5.5
0.5650000000000001	5.5
0.58	5.66
0.585	5.66
0.6	5.84
0.6	5.84
0.62	6.0
0.615	6.0
0.64	6.18
0.635	6.18
0.655	6.34
0.655	6.34
0.675	6.5200000000000005
0.675	6.5
0.6950000000000001	6.68
0.6900000000000001	6.68
0.71	6.84
0.71	6.84
0.725	7.0
0.725	6.98
0.745	7.16
0.745	7.16
0.765	7.32
0.765	7.32
0.78	7.48
0.785	7.48
0.8	7.640000000000001
0.8	7.640000000000001
0.8200000000000001	7.82
0.8200000000000001	7.8
0.84	7.98
0.835	7.98
0.855	8.16
0.855	8.16
0.875	8.32
0.875	8.32
0.895	8.48
0.91	8.64
0.91	8.66
0.935	8.82
0.93	8.82
0.9500000000000001	8.98
0.9500000000000001	8.96
0.97	9.14
0.97	9.16
0.99	9.3
0.99	9.3
1.0050000000000001	9.46
1.01	9.46
1.025	9.620000000000001
1.025	9.620000000000001
1.045	9.8
1.045	9.78
1.06	9.94
1.065	9.96
1.085	10.1
1.085	10.1
1.095	10.28
1.1	10.26
1.12	10.44
1.12	10.42
1.1400000000000001	10.6
1.1400000000000001	10.6
1.16	10.76
1.16	10.74
1.18	10.92
1.18	10.9
1.195	11.1
1.2	11.08
1.215	11.24
1.215	11.24
1.235	11.4
1.235	11.4
1.2550000000000001	11.56
1.2550000000000001	11.56
1.27	11.74
1.2750000000000001	11.72
1.29	11.88
1.29	11.88
1.31	12.040000000000001
1.315	12.02
1.33	12.200000000000001
1.33	12.200000000000001
1.35	12.36
1.35	12.36
1.37	12.52
1.37	12.52
1.3900000000000001	12.68
1.405	12.82
1.41	12.82
1.43	13.0
1.43	13.0
1.445	13.14
1.45	13.14
1.47	13.3
1.465	13.3
1.49	13.46
1.485	13.46
1.5050000000000001	13.620000000000001
1.5050000000000001	13.620000000000001
1.5250000000000001	13.780000000000001
1.5250000000000001	13.780000000000001
1.545	13.92
1.545	13.92
1.56	14.08
1.565	14.08
1.585	14.24
1.58	14.22
1.605	14.38
1.605	14.4
1.625	14.540000000000001
1.62	14.540000000000001
1.645	14.68
1.6400000000000001	14.700000000000001
1.665	14.86
1.6600000000000001	14.86
1.68	15.0
1.68	15.0
1.705	15.14
1.7	15.16
1.72	15.3
1.72	15.3
1.74	15.46
1.74	15.46
1.76	15.620000000000001
1.76	15.620000000000001
1.78	15.780000000000001
1.78	15.780000000000001
1.8	15.92
1.8	15.92
1.825	16.080000000000002
1.82	16.080000000000002
1.84	16.22
1.84	16.240000000000002
1.86	16.38
1.86	16.38
1.8800000000000001	16.52
1.8800000000000001	16.52
1.9000000000000001	16.68
1.92	16.82
1.92	16.82
1.935	16.98
1.94	16.98
1.96	17.12
1.96	17.12
1.98	17.28
1.98	17.28
2.0	17.42
2.0	17.42
2.02	17.56
2.02	17.580000000000002
2.04	17.72
2.04	17.72
2.06	17.88
2.06	17.86
2.08	18.02
2.08	18.02
2.1	18.16
2.1	18.18
2.12	18.32
2.12	18.32
2.14	18.46
2.14	18.48
2.16	18.62
2.16	18.62
2.18	18.76
2.18	18.76
2.2	18.900000000000002
2.2	18.900000000000002
2.22	19.06
2.22	19.06
2.24	19.2
2.24	19.2
2.2600000000000002	19.34
2.2600000000000002	19.34
2.2800000000000002	19.48
2.2800000000000002	19.48
2.3000000000000003	19.64
2.3000000000000003	19.64
2.32	19.78
2.32	19.78
2.34	19.92
2.34	19.94
2.36	20.06
2.36	20.06
2.38	20.22
2.38	20.22
2.4	20.22
2.4	20.22
