0.01	0.02
0.22	0.02
0.41000000000000003	0.02
0.62	0.02
0.8200000000000001	0.02
1.02	0.02
1.22	0.0
1.42	0.02
1.62	0.02
1.82	0.02
2.02	0.02
2.22	0.02
2.43	0.02
2.62	0.02
2.82	0.02
3.02	0.02
3.22	0.02
3.43	0.04
3.63	0.04
3.83	0.04
4.0200000000000005	0.04
4.23	0.08
4.42	0.1
4.6000000000000005	0.3
4.8	0.32
4.98	0.38
5.18	0.42
5.42	0.42
5.63	0.58
5.74	0.7000000000000001
5.93	0.84
6.18	1.08
6.43	1.36
6.54	1.46
6.79	1.94
6.88	2.16
7.2	2.8000000000000003
7.32	3.12
7.5200000000000005	3.64
7.73	4.3
7.94	5.0200000000000005
8.14	5.86
8.35	6.78
8.56	7.82
8.76	9.0
8.98	10.32
9.19	11.84
9.41	13.58
9.63	15.5
9.84	17.52
10.05	19.44
10.11	20.22
