0.005	0.02
0.005	0.02
0.005	0.04
0.005	0.04
0.005	0.02
0.005	0.02
0.005	0.02
0.0	0.02
0.0	0.02
0.005	0.02
-0.035	0.02
-0.105	0.04
-0.105	0.02
-0.13	0.04
-0.16	0.02
-0.19	0.02
-0.185	0.02
-0.215	0.04
-0.25	0.02
-0.28	0.02
-0.28	0.04
-0.31	0.02
-0.34	0.02
-0.375	0.02
-0.37	0.04
-0.405	0.02
-0.435	0.02
-0.465	0.02
-0.465	0.02
-0.5	0.04
-0.53	0.02
-0.5650000000000001	0.02
-0.56	0.02
-0.59	0.02
-0.625	0.02
-0.655	0.02
-0.66	0.02
-0.6900000000000001	0.04
-0.72	0.04
-0.75	0.02
-0.75	0.02
-0.785	0.02
-0.8200000000000001	0.02
-0.85	0.02
-0.85	0.02
-0.88	0.02
-0.91	0.04
-0.9450000000000001	0.02
-0.9450000000000001	0.02
-0.975	0.02
-1.01	0.02
-1.0050000000000001	0.02
-1.04	0.02
-1.07	0.02
-1.105	0.02
-1.1	0.02
-1.1300000000000001	0.02
-1.165	0.02
-1.19	0.02
-1.19	0.02
-1.22	0.02
-1.2550000000000001	0.04
-1.285	0.02
-1.285	0.04
-1.315	0.02
-1.35	0.02
-1.3800000000000001	0.02
-1.3800000000000001	0.02
-1.415	0.02
-1.445	0.02
-1.475	0.02
-1.475	0.02
-1.51	0.02
-1.54	0.02
-1.57	0.0
-1.57	0.02
-1.605	0.02
-1.635	0.02
-1.665	0.0
-1.665	0.0
-1.7	0.0
-1.73	0.0
-1.7650000000000001	-0.02
-1.7650000000000001	-0.02
-1.795	-0.04
-1.83	-0.04
-1.855	-0.06
-1.855	-0.06
-1.885	-0.08
-1.915	-0.08
-1.945	-0.12
-1.945	-0.12
-1.975	-0.14
-2.005	-0.16
-2.035	-0.22
-2.0300000000000002	-0.2
-2.06	-0.24
-2.09	-0.28
-2.12	-0.32
-2.12	-0.32
-2.145	-0.38
-2.1750000000000003	-0.42
-2.1750000000000003	-0.42
-2.2	-0.48
-2.225	-0.54
-2.255	-0.62
-2.255	-0.62
-2.2800000000000002	-0.7000000000000001
-2.305	-0.76
-2.33	-0.86
-2.33	-0.86
-2.355	-0.96
-2.38	-1.06
-2.4050000000000002	-1.1400000000000001
-2.4050000000000002	-1.1400000000000001
-2.4250000000000003	-1.24
-2.455	-1.36
-2.475	-1.48
-2.475	-1.48
-2.495	-1.6
-2.515	-1.72
-2.54	-1.86
-2.54	-1.86
-2.56	-2.0
-2.58	-2.14
-2.605	-2.2800000000000002
-2.6	-2.3000000000000003
-2.62	-2.44
-2.645	-2.6
-2.665	-2.74
-2.665	-2.74
-2.685	-2.88
-2.705	-3.02
-2.725	-3.16
-2.73	-3.16
-2.75	-3.2800000000000002
-2.775	-3.42
-2.795	-3.56
-2.795	-3.56
-2.815	-3.68
-2.84	-3.8200000000000003
-2.855	-3.96
-2.855	-3.96
-2.88	-4.1
-2.9	-4.22
-2.9250000000000003	-4.36
-2.9250000000000003	-4.36
-2.945	-4.5
-2.965	-4.64
-2.99	-4.78
-2.99	-4.78
-3.0100000000000002	-4.92
-3.0300000000000002	-5.0600000000000005
-3.0300000000000002	-5.08
-3.055	-5.2
-3.075	-5.36
-3.095	-5.5
-3.09	-5.5200000000000005
-3.115	-5.66
-3.1350000000000002	-5.82
-3.1550000000000002	-5.98
-3.1550000000000002	-5.98
-3.1750000000000003	-6.12
-3.1950000000000003	-6.28
-3.215	-6.44
-3.215	-6.44
-3.235	-6.6000000000000005
-3.255	-6.78
-3.275	-6.94
-3.275	-6.94
-3.295	-7.12
-3.31	-7.3
-3.33	-7.46
-3.33	-7.46
-3.35	-7.62
-3.37	-7.8
-3.39	-7.98
-3.39	-7.98
-3.4050000000000002	-8.16
-3.4250000000000003	-8.34
-3.44	-8.52
-3.4450000000000003	-8.52
-3.46	-8.700000000000001
-3.48	-8.88
-3.495	-9.08
-3.495	-9.06
-3.515	-9.26
-3.5300000000000002	-9.46
-3.545	-9.64
-3.545	-9.64
-3.565	-9.84
-3.58	-10.040000000000001
-3.6	-10.24
-3.6	-10.24
-3.615	-10.44
-3.6350000000000002	-10.620000000000001
-3.65	-10.82
-3.65	-10.82
-3.67	-11.040000000000001
-3.685	-11.24
-3.7	-11.44
-3.7	-11.44
-3.715	-11.66
-3.735	-11.86
-3.735	-11.86
-3.75	-12.06
-3.765	-12.280000000000001
-3.7800000000000002	-12.48
-3.7800000000000002	-12.48
-3.795	-12.700000000000001
-3.81	-12.9
-3.825	-13.14
-3.825	-13.14
-3.84	-13.36
-3.86	-13.58
-3.875	-13.780000000000001
-3.875	-13.8
-3.89	-14.02
-3.9050000000000002	-14.22
-3.92	-14.46
-3.92	-14.46
-3.935	-14.68
-3.95	-14.9
-3.9650000000000003	-15.120000000000001
-3.9650000000000003	-15.120000000000001
-3.98	-15.34
-3.995	-15.56
-4.005	-15.8
-4.01	-15.8
-4.025	-16.02
-4.04	-16.26
-4.05	-16.48
-4.055	-16.5
-4.065	-16.72
-4.085	-16.94
-4.095	-17.18
-4.095	-17.2
-4.11	-17.42
-4.125	-17.66
-4.14	-17.88
-4.14	-17.88
-4.155	-18.12
-4.165	-18.36
-4.18	-18.62
-4.18	-18.6
-4.195	-18.84
-4.21	-19.080000000000002
-4.22	-19.32
-4.225	-19.32
-4.235	-19.56
-4.25	-19.82
-4.265	-20.04
-4.265	-20.04
-4.28	-20.240000000000002
-4.29	-20.240000000000002
-4.29	-20.240000000000002
