0.005	0.02
0.005	0.02
0.005	0.02
0.005	0.02
0.005	0.02
0.005	0.02
0.005	0.02
0.0	0.02
0.005	0.02
-0.035	0.02
-0.035	0.02
-0.105	0.02
-0.135	0.02
-0.16	0.02
-0.16	0.02
-0.185	0.02
-0.22	0.02
-0.25	0.04
-0.28	0.02
-0.28	0.02
-0.31	0.02
-0.34	0.02
-0.375	0.02
-0.4	0.02
-0.4	0.02
-0.435	0.02
-0.47000000000000003	0.04
-0.5	0.02
-0.5	0.04
-0.53	0.02
-0.56	0.02
-0.595	0.04
-0.625	0.02
-0.625	0.04
-0.655	0.02
-0.6900000000000001	0.02
-0.72	0.02
-0.75	0.02
-0.75	0.02
-0.785	0.02
-0.8150000000000001	0.04
-0.85	0.02
-0.85	0.02
-0.88	0.02
-0.915	0.04
-0.9450000000000001	0.02
-0.975	0.02
-0.975	0.02
-1.01	0.02
-1.04	0.02
-1.07	0.02
-1.07	0.02
-1.1	0.02
-1.135	0.04
-1.165	0.02
-1.19	0.02
-1.19	0.02
-1.22	0.02
-1.25	0.02
-1.285	0.02
-1.315	0.02
-1.315	0.02
-1.35	0.02
-1.3800000000000001	0.04
-1.415	0.02
-1.405	0.02
-1.445	0.02
-1.475	0.02
-1.51	0.02
-1.54	0.02
-1.54	0.02
-1.57	0.02
-1.605	0.02
-1.635	0.02
-1.67	0.02
-1.67	0.04
-1.7	0.02
-1.73	0.02
-1.7650000000000001	0.02
-1.7650000000000001	0.02
-1.8	0.02
-1.83	0.02
-1.86	0.02
-1.895	0.02
-1.895	0.02
-1.925	0.02
-1.955	0.02
-1.99	0.02
-2.02	0.02
-2.02	0.02
-2.05	0.02
-2.085	0.02
-2.115	0.04
-2.115	0.02
-2.15	0.02
-2.18	0.02
-2.21	0.02
-2.245	0.02
-2.245	0.02
-2.2800000000000002	0.02
-2.31	0.02
-2.34	0.04
-2.34	0.02
-2.37	0.04
-2.4050000000000002	0.02
-2.435	0.02
-2.47	0.02
-2.465	0.04
-2.5	0.02
-2.5300000000000002	0.02
-2.565	0.0
-2.595	0.0
-2.595	0.0
-2.62	-0.02
-2.6550000000000002	-0.04
-2.68	-0.08
-2.685	-0.06
-2.71	-0.12
-2.74	-0.14
-2.77	-0.18
-2.8000000000000003	-0.22
-2.8000000000000003	-0.22
-2.825	-0.3
-2.855	-0.34
-2.88	-0.42
-2.9050000000000002	-0.48
-2.9050000000000002	-0.48
-2.935	-0.56
-2.96	-0.62
-2.985	-0.7000000000000001
-2.985	-0.72
-3.005	-0.8
-3.035	-0.9
-3.055	-0.98
-3.085	-1.08
-3.08	-1.06
-3.11	-1.18
-3.13	-1.3
-3.1550000000000002	-1.4000000000000001
-3.1750000000000003	-1.5
-3.18	-1.52
-3.2	-1.6400000000000001
-3.225	-1.76
-3.245	-1.8800000000000001
-3.245	-1.9000000000000001
-3.265	-2.02
-3.29	-2.16
-3.31	-2.3000000000000003
-3.33	-2.42
-3.33	-2.42
-3.35	-2.58
-3.37	-2.72
-3.395	-2.88
-3.395	-2.88
-3.415	-3.02
-3.435	-3.18
-3.455	-3.3200000000000003
-3.475	-3.5
-3.475	-3.5
-3.495	-3.66
-3.515	-3.84
-3.535	-4.0
-3.555	-4.18
-3.5500000000000003	-4.18
-3.5700000000000003	-4.34
-3.585	-4.5200000000000005
-3.605	-4.7
-3.605	-4.68
-3.625	-4.88
-3.645	-5.04
-3.66	-5.22
-3.68	-5.42
-3.68	-5.42
-3.6950000000000003	-5.6000000000000005
-3.715	-5.78
-3.73	-5.98
-3.75	-6.16
-3.75	-6.16
-3.765	-6.36
-3.785	-6.5600000000000005
-3.8000000000000003	-6.76
-3.8000000000000003	-6.74
-3.815	-6.96
-3.835	-7.16
-3.85	-7.36
-3.865	-7.5600000000000005
-3.865	-7.54
-3.8850000000000002	-7.76
-3.9	-7.98
-3.915	-8.18
-3.935	-8.38
-3.935	-8.38
-3.95	-8.6
-3.9650000000000003	-8.82
-3.98	-9.02
-3.98	-9.02
-3.995	-9.24
-4.01	-9.44
-4.03	-9.68
-4.045	-9.88
-4.04	-9.88
-4.065	-10.1
-4.075	-10.32
-4.095	-10.56
-4.09	-10.56
-4.105	-10.78
-4.12	-10.98
-4.14	-11.22
-4.15	-11.44
-4.15	-11.46
-4.165	-11.66
-4.18	-11.88
-4.195	-12.120000000000001
-4.21	-12.34
-4.21	-12.34
-4.225	-12.58
-4.24	-12.8
-4.25	-13.02
-4.25	-13.040000000000001
-4.265	-13.280000000000001
-4.28	-13.5
-4.295	-13.74
-4.3100000000000005	-13.98
-4.3100000000000005	-13.98
-4.325	-14.22
-4.34	-14.44
-4.355	-14.68
-4.365	-14.92
-4.37	-14.92
-4.385	-15.16
-4.3950000000000005	-15.4
-4.41	-15.64
-4.41	-15.64
-4.425	-15.9
-4.4350000000000005	-16.12
-4.455	-16.38
-4.46	-16.62
-4.46	-16.62
-4.48	-16.86
-4.495	-17.12
-4.505	-17.34
-4.5200000000000005	-17.6
-4.5200000000000005	-17.6
-4.53	-17.86
-4.545	-18.1
-4.5600000000000005	-18.34
-4.5600000000000005	-18.36
-4.57	-18.6
-4.585	-18.86
-4.595	-19.1
-4.61	-19.34
-4.61	-19.36
-4.62	-19.6
-4.635	-19.86
-4.65	-20.1
-4.65	-20.1
