0.005	0.02
0.005	0.04
0.005	0.02
0.005	0.04
0.005	0.02
0.005	0.04
0.005	0.04
0.0	0.02
0.005	0.04
0.0	0.02
-0.05	0.04
-0.11	0.02
-0.1	0.02
-0.135	0.04
-0.16	0.02
-0.19	0.04
-0.19	0.04
-0.22	0.04
-0.25	0.04
-0.28	0.04
-0.28	0.02
-0.315	0.04
-0.34500000000000003	0.02
-0.375	0.04
-0.375	0.04
-0.41000000000000003	0.04
-0.44	0.02
-0.47000000000000003	0.04
-0.47000000000000003	0.02
-0.5	0.02
-0.535	0.04
-0.5650000000000001	0.04
-0.5650000000000001	0.02
-0.595	0.02
-0.625	0.04
-0.66	0.04
-0.66	0.02
-0.6900000000000001	0.04
-0.725	0.04
-0.755	0.04
-0.755	0.04
-0.785	0.04
-0.8250000000000001	0.02
-0.85	0.02
-0.85	0.02
-0.885	0.04
-0.915	0.04
-0.9500000000000001	0.04
-0.9450000000000001	0.02
-0.98	0.04
-1.01	0.04
-1.01	0.04
-1.045	0.02
-1.075	0.04
-1.105	0.02
-1.105	0.04
-1.135	0.02
-1.165	0.04
-1.195	0.04
-1.195	0.04
-1.225	0.02
-1.2550000000000001	0.02
-1.29	0.04
-1.285	0.02
-1.325	0.02
-1.35	0.02
-1.385	0.02
-1.385	0.02
-1.415	0.02
-1.45	0.02
-1.48	0.02
-1.48	0.02
-1.51	0.02
-1.54	0.02
-1.575	0.0
-1.575	0.02
-1.605	0.0
-1.6400000000000001	0.0
-1.665	0.0
-1.665	-0.02
-1.7	-0.02
-1.73	-0.02
-1.76	-0.04
-1.76	-0.04
-1.795	-0.06
-1.825	-0.08
-1.855	-0.08
-1.855	-0.1
-1.885	-0.12
-1.915	-0.14
-1.945	-0.18
-1.945	-0.18
-1.97	-0.2
-2.0	-0.24
-2.0300000000000002	-0.28
-2.0300000000000002	-0.26
-2.06	-0.32
-2.085	-0.36
-2.115	-0.42
-2.11	-0.44
-2.14	-0.46
-2.165	-0.54
-2.17	-0.52
-2.19	-0.6
-2.22	-0.68
-2.25	-0.74
-2.245	-0.76
-2.27	-0.84
-2.295	-0.92
-2.32	-1.02
-2.32	-1.0
-2.345	-1.1
-2.37	-1.22
-2.39	-1.32
-2.39	-1.32
-2.415	-1.42
-2.435	-1.56
-2.46	-1.68
-2.46	-1.6600000000000001
-2.48	-1.8
-2.505	-1.94
-2.525	-2.06
-2.525	-2.06
-2.545	-2.22
-2.565	-2.36
-2.585	-2.52
-2.585	-2.5
-2.61	-2.68
-2.625	-2.82
-2.645	-2.98
-2.645	-2.98
-2.67	-3.12
-2.685	-3.2800000000000002
-2.705	-3.46
-2.705	-3.44
-2.725	-3.58
-2.745	-3.72
-2.765	-3.86
-2.77	-3.86
-2.79	-4.0
-2.81	-4.14
-2.83	-4.28
-2.83	-4.28
-2.855	-4.42
-2.875	-4.5600000000000005
-2.895	-4.7
-2.895	-4.7
-2.915	-4.82
-2.94	-4.98
-2.96	-5.12
-2.96	-5.12
-2.985	-5.26
-3.0	-5.42
-3.005	-5.42
-3.02	-5.5600000000000005
-3.045	-5.7
-3.06	-5.86
-3.065	-5.86
-3.085	-6.0200000000000005
-3.105	-6.16
-3.125	-6.32
-3.125	-6.3
-3.145	-6.48
-3.165	-6.62
-3.185	-6.78
-3.18	-6.78
-3.205	-6.96
-3.225	-7.12
-3.24	-7.28
-3.245	-7.28
-3.2600000000000002	-7.46
-3.2800000000000002	-7.62
-3.3000000000000003	-7.78
-3.3000000000000003	-7.78
-3.315	-7.96
-3.34	-8.14
-3.355	-8.3
-3.355	-8.3
-3.375	-8.46
-3.39	-8.66
-3.41	-8.84
-3.41	-8.84
-3.4250000000000003	-9.02
-3.4450000000000003	-9.18
-3.46	-9.36
-3.465	-9.38
-3.475	-9.56
-3.495	-9.76
-3.515	-9.94
-3.52	-9.94
-3.535	-10.14
-3.5500000000000003	-10.34
-3.565	-10.52
-3.565	-10.52
-3.585	-10.72
-3.6	-10.92
-3.615	-11.120000000000001
-3.615	-11.120000000000001
-3.6350000000000002	-11.32
-3.65	-11.5
-3.665	-11.72
-3.665	-11.700000000000001
-3.685	-11.92
-3.6950000000000003	-12.14
-3.7	-12.120000000000001
-3.71	-12.32
-3.725	-12.52
-3.745	-12.74
-3.745	-12.74
-3.7600000000000002	-12.96
-3.775	-13.16
-3.795	-13.38
-3.79	-13.36
-3.805	-13.58
-3.825	-13.82
-3.835	-14.02
-3.84	-14.02
-3.855	-14.24
-3.865	-14.44
-3.8850000000000002	-14.66
-3.8850000000000002	-14.68
-3.895	-14.88
-3.915	-15.1
-3.93	-15.32
-3.93	-15.32
-3.9450000000000003	-15.540000000000001
-3.955	-15.76
-3.97	-16.0
-3.97	-15.98
-3.985	-16.22
-4.0	-16.44
-4.015	-16.66
-4.015	-16.66
-4.03	-16.9
-4.045	-17.12
-4.0600000000000005	-17.36
-4.0600000000000005	-17.36
-4.07	-17.580000000000002
-4.085	-17.82
-4.1	-18.04
-4.1	-18.04
-4.115	-18.28
-4.13	-18.5
-4.14	-18.740000000000002
-4.14	-18.72
-4.155	-18.98
-4.17	-19.22
-4.1850000000000005	-19.44
-4.1850000000000005	-19.42
-4.195	-19.68
-4.21	-19.92
-4.225	-20.16
-4.225	-20.16
-4.24	-20.240000000000002
-4.255	-20.240000000000002
-4.25	-20.240000000000002
