0.01	0.02
0.21	0.02
0.42	0.04
0.62	0.02
0.8200000000000001	0.02
1.02	0.04
1.22	0.04
1.42	0.02
1.62	0.02
1.82	0.02
2.02	0.04
2.22	0.02
2.42	0.02
2.63	0.02
2.83	0.02
3.02	0.04
3.22	0.04
3.42	0.04
3.62	0.04
3.8200000000000003	0.06
4.01	0.22
4.22	0.28
4.4	0.3
4.59	0.34
4.78	0.4
4.98	0.48
5.23	0.54
5.43	0.7000000000000001
5.63	0.9
5.78	1.04
6.03	1.42
6.23	1.74
6.43	2.12
6.5200000000000005	2.34
6.73	2.82
6.94	3.38
7.13	4.0200000000000005
7.34	4.8
7.55	5.64
7.76	6.640000000000001
7.96	7.76
8.17	9.040000000000001
8.38	10.48
8.61	12.14
8.82	14.040000000000001
9.040000000000001	16.080000000000002
9.24	18.080000000000002
9.44	20.22
9.64	20.22
