0.005	0.02
0.005	0.02
0.005	0.02
0.005	0.02
0.005	0.02
0.005	0.04
0.005	0.02
0.005	0.02
0.0	0.02
0.005	0.02
-0.045	0.04
-0.11	0.04
-0.105	0.02
-0.135	0.02
-0.16	0.02
-0.19	0.04
-0.19	0.02
-0.22	0.02
-0.25	0.02
-0.28	0.02
-0.28	0.04
-0.315	0.02
-0.34500000000000003	0.02
-0.375	0.02
-0.375	0.04
-0.405	0.02
-0.435	0.04
-0.47000000000000003	0.02
-0.47000000000000003	0.04
-0.5	0.02
-0.53	0.02
-0.5650000000000001	0.02
-0.5650000000000001	0.02
-0.595	0.02
-0.625	0.02
-0.66	0.02
-0.66	0.04
-0.6900000000000001	0.02
-0.725	0.02
-0.755	0.02
-0.755	0.04
-0.785	0.02
-0.8200000000000001	0.02
-0.85	0.02
-0.85	0.04
-0.885	0.02
-0.915	0.02
-0.9450000000000001	0.02
-0.9450000000000001	0.02
-0.98	0.04
-1.01	0.04
-1.01	0.02
-1.04	0.02
-1.075	0.02
-1.105	0.02
-1.105	0.02
-1.135	0.02
-1.17	0.02
-1.19	0.02
-1.195	0.02
-1.22	0.02
-1.2550000000000001	0.02
-1.285	0.02
-1.29	0.02
-1.32	0.02
-1.355	0.02
-1.385	0.02
-1.3800000000000001	0.02
-1.415	0.02
-1.445	0.02
-1.48	0.02
-1.48	0.02
-1.51	0.02
-1.545	0.02
-1.57	0.0
-1.575	0.0
-1.605	0.0
-1.635	0.0
-1.665	-0.02
-1.665	-0.02
-1.7	-0.02
-1.73	-0.04
-1.76	-0.06
-1.76	-0.06
-1.79	-0.08
-1.825	-0.08
-1.855	-0.1
-1.85	-0.1
-1.8800000000000001	-0.14
-1.915	-0.16
-1.94	-0.18
-1.94	-0.18
-1.97	-0.22
-2.0	-0.24
-2.0300000000000002	-0.3
-2.025	-0.28
-2.055	-0.34
-2.08	-0.4
-2.11	-0.42
-2.11	-0.44
-2.1350000000000002	-0.5
-2.165	-0.56
-2.165	-0.56
-2.19	-0.62
-2.215	-0.7000000000000001
-2.24	-0.78
-2.24	-0.78
-2.265	-0.86
-2.29	-0.9400000000000001
-2.315	-1.04
-2.315	-1.04
-2.34	-1.12
-2.365	-1.22
-2.3850000000000002	-1.34
-2.39	-1.34
-2.41	-1.46
-2.435	-1.58
-2.455	-1.68
-2.455	-1.7
-2.475	-1.8
-2.5	-1.94
-2.515	-2.08
-2.515	-2.08
-2.535	-2.22
-2.555	-2.36
-2.58	-2.52
-2.58	-2.52
-2.6	-2.66
-2.62	-2.82
-2.64	-2.98
-2.64	-2.98
-2.66	-3.14
-2.68	-3.2800000000000002
-2.7	-3.44
-2.7	-3.44
-2.715	-3.6
-2.735	-3.74
-2.7600000000000002	-3.88
-2.7600000000000002	-3.88
-2.7800000000000002	-4.0200000000000005
-2.8000000000000003	-4.16
-2.82	-4.3
-2.82	-4.3
-2.84	-4.44
-2.865	-4.58
-2.88	-4.72
-2.8850000000000002	-4.72
-2.9050000000000002	-4.86
-2.9250000000000003	-5.0
-2.95	-5.14
-2.95	-5.14
-2.97	-5.28
-2.985	-5.42
-2.99	-5.42
-3.0100000000000002	-5.5600000000000005
-3.0300000000000002	-5.72
-3.0500000000000003	-5.86
-3.0500000000000003	-5.88
-3.0700000000000003	-6.0
-3.09	-6.18
-3.11	-6.32
-3.11	-6.32
-3.13	-6.46
-3.15	-6.62
-3.17	-6.78
-3.17	-6.78
-3.19	-6.94
-3.21	-7.1000000000000005
-3.225	-7.28
-3.225	-7.28
-3.245	-7.44
-3.265	-7.6000000000000005
-3.285	-7.78
-3.285	-7.78
-3.3000000000000003	-7.94
-3.3200000000000003	-8.1
-3.34	-8.3
-3.34	-8.26
-3.355	-8.46
-3.375	-8.64
-3.39	-8.8
-3.395	-8.8
-3.41	-8.98
-3.4250000000000003	-9.16
-3.4450000000000003	-9.34
-3.4450000000000003	-9.34
-3.465	-9.52
-3.48	-9.72
-3.495	-9.9
-3.495	-9.9
-3.515	-10.1
-3.5300000000000002	-10.28
-3.5500000000000003	-10.48
-3.5500000000000003	-10.48
-3.565	-10.68
-3.58	-10.86
-3.595	-11.06
-3.595	-11.06
-3.615	-11.26
-3.63	-11.44
-3.645	-11.66
-3.645	-11.64
-3.665	-11.86
-3.68	-12.040000000000001
-3.68	-12.06
-3.6950000000000003	-12.24
-3.71	-12.46
-3.725	-12.66
-3.725	-12.66
-3.74	-12.88
-3.7600000000000002	-13.06
-3.775	-13.3
-3.77	-13.3
-3.79	-13.5
-3.805	-13.72
-3.8200000000000003	-13.94
-3.8200000000000003	-13.94
-3.835	-14.14
-3.845	-14.36
-3.865	-14.58
-3.865	-14.58
-3.88	-14.780000000000001
-3.895	-15.0
-3.9050000000000002	-15.22
-3.9050000000000002	-15.22
-3.92	-15.44
-3.94	-15.66
-3.95	-15.860000000000001
-3.95	-15.88
-3.9650000000000003	-16.1
-3.98	-16.32
-3.995	-16.54
-3.995	-16.52
-4.01	-16.76
-4.025	-17.0
-4.04	-17.22
-4.035	-17.22
-4.05	-17.46
-4.065	-17.66
-4.08	-17.900000000000002
-4.08	-17.900000000000002
-4.095	-18.14
-4.105	-18.34
-4.12	-18.580000000000002
-4.12	-18.580000000000002
-4.135	-18.82
-4.1450000000000005	-19.04
-4.16	-19.28
-4.16	-19.26
-4.175	-19.5
-4.1850000000000005	-19.740000000000002
-4.2	-19.98
-4.2	-19.96
-4.21	-20.2
-4.23	-20.240000000000002
-4.225	-20.240000000000002
