0.002	0.02
0.002	0.02
0.002	0.02
0.002	0.02
0.002	0.02
0.002	0.02
0.002	0.02
0.002	0.04
0.002	0.02
0.002	0.02
0.002	0.02
0.004	0.04
0.004	0.04
0.048	0.56
0.046	0.56
0.084	0.98
0.082	0.98
0.084	0.96
0.10400000000000001	1.22
0.10400000000000001	1.2
0.12	1.3800000000000001
0.11800000000000001	1.3800000000000001
0.134	1.54
0.132	1.54
0.148	1.7
0.148	1.7
0.162	1.86
0.162	1.8800000000000001
0.176	2.04
0.176	2.04
0.192	2.22
0.192	2.22
0.20800000000000002	2.38
0.20600000000000002	2.38
0.20800000000000002	2.4
0.224	2.58
0.226	2.58
0.24	2.7800000000000002
0.242	2.7800000000000002
0.258	2.94
0.258	2.94
0.274	3.14
0.274	3.14
0.292	3.3200000000000003
0.292	3.3200000000000003
0.308	3.52
0.308	3.5
0.324	3.7
0.324	3.7
0.34	3.88
0.34	3.86
0.34	3.88
0.358	4.0600000000000005
0.356	4.08
0.374	4.24
0.374	4.24
0.392	4.42
0.392	4.44
0.40800000000000003	4.62
0.40800000000000003	4.62
0.424	4.8
0.424	4.8
0.442	4.98
0.442	4.98
0.458	5.18
0.458	5.16
0.47600000000000003	5.36
0.47400000000000003	5.36
0.47600000000000003	5.36
0.492	5.54
0.494	5.54
0.51	5.74
0.51	5.74
0.526	5.92
0.528	5.92
0.544	6.1000000000000005
0.544	6.1000000000000005
0.562	6.3
0.562	6.3
0.58	6.48
0.58	6.48
0.596	6.66
0.596	6.66
0.612	6.82
0.612	6.84
0.612	6.82
0.63	7.0200000000000005
0.63	7.0200000000000005
0.646	7.18
0.646	7.18
0.664	7.36
0.664	7.36
0.678	7.5200000000000005
0.68	7.54
0.6960000000000001	7.72
0.6960000000000001	7.7
0.712	7.88
0.712	7.88
0.73	8.06
0.73	8.08
0.746	8.24
0.746	8.24
0.748	8.24
0.766	8.44
0.766	8.44
0.782	8.6
0.782	8.620000000000001
0.8	8.8
0.8	8.8
0.8160000000000001	8.98
0.8160000000000001	8.98
0.836	9.16
0.836	9.16
0.854	9.34
0.852	9.34
0.87	9.52
0.87	9.52
0.886	9.68
0.886	9.68
0.886	9.68
0.904	9.88
0.906	9.86
0.922	10.040000000000001
0.922	10.040000000000001
0.9400000000000001	10.24
0.9400000000000001	10.22
0.9580000000000001	10.4
0.9560000000000001	10.4
0.974	10.58
0.974	10.58
0.992	10.76
1.0	10.76
1.01	10.94
1.01	10.94
1.026	11.1
1.026	11.1
1.026	11.1
1.046	11.28
1.046	11.28
1.062	11.46
1.062	11.46
1.082	11.64
1.08	11.64
1.098	11.82
1.098	11.82
1.116	12.0
1.116	12.0
1.1340000000000001	12.18
1.1340000000000001	12.18
1.1520000000000001	12.36
1.1520000000000001	12.34
1.168	12.52
1.168	12.52
1.168	12.52
1.188	12.700000000000001
1.186	12.700000000000001
1.204	12.88
1.206	12.88
1.224	13.06
1.224	13.040000000000001
1.24	13.22
1.24	13.22
1.258	13.4
1.258	13.4
1.276	13.58
1.276	13.58
1.294	13.74
1.294	13.76
1.312	13.9
1.31	13.9
1.312	13.92
1.33	14.08
1.33	14.1
1.348	14.24
1.348	14.26
1.366	14.44
1.366	14.44
1.3840000000000001	14.6
1.3840000000000001	14.6
1.4020000000000001	14.8
1.4040000000000001	14.8
1.42	14.96
1.42	14.96
1.438	15.120000000000001
1.438	15.14
1.456	15.280000000000001
1.456	15.280000000000001
1.454	15.3
1.474	15.46
1.474	15.46
1.492	15.64
1.492	15.64
1.512	15.8
1.51	15.8
1.528	15.98
1.528	15.98
1.546	16.12
1.546	16.14
1.564	16.32
1.564	16.32
1.582	16.48
1.584	16.48
1.6	16.64
1.6	16.64
1.6	16.64
1.62	16.82
1.62	16.84
1.6380000000000001	17.0
1.6380000000000001	17.0
1.6560000000000001	17.16
1.6560000000000001	17.16
1.674	17.34
1.674	17.34
1.692	17.52
1.694	17.5
1.71	17.66
1.71	17.68
1.73	17.84
1.73	17.84
1.746	18.0
1.746	18.0
1.746	18.0
1.766	18.18
1.766	18.18
1.784	18.34
1.784	18.34
1.802	18.5
1.802	18.5
1.82	18.66
1.82	18.66
1.838	18.84
1.838	18.84
1.858	19.0
1.856	19.0
1.8760000000000001	19.18
1.8760000000000001	19.18
1.8920000000000001	19.32
1.8940000000000001	19.34
1.8920000000000001	19.34
1.9120000000000001	19.52
1.9120000000000001	19.5
1.93	19.68
1.93	19.68
1.95	19.84
1.95	19.84
1.968	20.0
1.966	20.0
1.986	20.16
1.986	20.16
2.004	20.22
2.004	20.22
2.0220000000000002	20.22
2.0220000000000002	20.22
2.0220000000000002	20.22
2.0220000000000002	20.22
2.0220000000000002	20.22
