0.01	0.02
0.11	0.02
0.32	0.04
0.52	0.02
0.72	0.04
0.92	0.02
1.12	0.04
1.32	0.02
1.52	0.02
1.72	0.02
1.92	0.02
2.12	0.02
2.32	0.04
2.52	0.04
2.72	0.04
2.92	0.04
3.13	0.04
3.3200000000000003	0.04
3.52	0.06
3.72	0.06
3.91	0.28
4.1	0.32
4.28	0.34
4.46	0.38
4.73	0.34
4.93	0.46
5.04	0.6
5.21	0.74
5.5	0.92
5.73	1.24
5.91	1.4000000000000001
6.13	1.8800000000000001
6.3	2.16
6.49	2.62
6.61	3.06
6.82	3.54
7.0200000000000005	4.2
7.22	4.98
7.47	6.0600000000000005
7.67	6.92
7.84	8.14
8.07	9.24
8.26	10.620000000000001
8.48	12.38
8.67	13.98
8.88	16.02
9.120000000000001	18.54
9.34	20.22
