0.005	0.04
0.005	0.04
0.005	0.02
0.005	0.02
0.005	0.02
0.005	0.04
0.005	0.04
0.0	0.02
0.0	0.02
0.0	0.04
-0.05	0.02
-0.11	0.02
-0.11	0.04
-0.135	0.02
-0.165	0.02
-0.19	0.04
-0.19	0.02
-0.225	0.04
-0.25	0.02
-0.28500000000000003	0.02
-0.28500000000000003	0.04
-0.315	0.02
-0.34500000000000003	0.02
-0.375	0.02
-0.375	0.02
-0.41000000000000003	0.02
-0.44	0.02
-0.47000000000000003	0.02
-0.47000000000000003	0.04
-0.5	0.02
-0.535	0.04
-0.5650000000000001	0.02
-0.5650000000000001	0.02
-0.595	0.02
-0.63	0.04
-0.66	0.02
-0.66	0.02
-0.6900000000000001	0.02
-0.725	0.02
-0.755	0.04
-0.755	0.02
-0.79	0.04
-0.8250000000000001	0.04
-0.85	0.02
-0.855	0.02
-0.885	0.02
-0.915	0.04
-0.9450000000000001	0.04
-0.9450000000000001	0.02
-0.98	0.04
-1.0150000000000001	0.04
-1.01	0.04
-1.045	0.04
-1.075	0.04
-1.105	0.02
-1.105	0.02
-1.1400000000000001	0.04
-1.165	0.02
-1.195	0.02
-1.195	0.02
-1.225	0.04
-1.2550000000000001	0.02
-1.29	0.02
-1.29	0.02
-1.32	0.02
-1.35	0.02
-1.385	0.02
-1.385	0.02
-1.415	0.02
-1.45	0.02
-1.48	0.02
-1.48	0.02
-1.51	0.02
-1.54	0.02
-1.575	0.0
-1.575	0.0
-1.605	0.0
-1.635	0.0
-1.67	-0.04
-1.665	-0.02
-1.7	-0.02
-1.73	-0.02
-1.76	-0.06
-1.76	-0.04
-1.79	-0.06
-1.825	-0.08
-1.85	-0.12
-1.855	-0.1
-1.885	-0.12
-1.9100000000000001	-0.16
-1.94	-0.18
-1.94	-0.18
-1.97	-0.22
-2.0	-0.26
-2.0300000000000002	-0.3
-2.0300000000000002	-0.3
-2.055	-0.34
-2.085	-0.38
-2.11	-0.44
-2.11	-0.44
-2.14	-0.5
-2.165	-0.56
-2.17	-0.56
-2.19	-0.64
-2.22	-0.7000000000000001
-2.245	-0.78
-2.245	-0.76
-2.265	-0.86
-2.29	-0.9400000000000001
-2.315	-1.04
-2.315	-1.04
-2.34	-1.1400000000000001
-2.365	-1.24
-2.3850000000000002	-1.34
-2.39	-1.34
-2.41	-1.46
-2.435	-1.58
-2.455	-1.7
-2.455	-1.7
-2.475	-1.82
-2.5	-1.96
-2.52	-2.08
-2.52	-2.08
-2.54	-2.24
-2.555	-2.38
-2.58	-2.52
-2.58	-2.52
-2.595	-2.68
-2.62	-2.84
-2.64	-3.0
-2.64	-3.0
-2.66	-3.14
-2.68	-3.3000000000000003
-2.7	-3.46
-2.695	-3.46
-2.72	-3.6
-2.74	-3.74
-2.7600000000000002	-3.88
-2.7600000000000002	-3.88
-2.7800000000000002	-4.0200000000000005
-2.8000000000000003	-4.16
-2.82	-4.3
-2.825	-4.3
-2.84	-4.44
-2.865	-4.6000000000000005
-2.8850000000000002	-4.72
-2.8850000000000002	-4.72
-2.91	-4.86
-2.9250000000000003	-5.0
-2.95	-5.14
-2.95	-5.16
-2.97	-5.28
-2.99	-5.44
-2.99	-5.42
-3.0100000000000002	-5.58
-3.0300000000000002	-5.72
-3.0500000000000003	-5.86
-3.0500000000000003	-5.88
-3.0700000000000003	-6.0200000000000005
-3.09	-6.18
-3.11	-6.34
-3.11	-6.32
-3.13	-6.48
-3.15	-6.640000000000001
-3.17	-6.8
-3.17	-6.8
-3.19	-6.96
-3.215	-7.12
-3.23	-7.28
-3.225	-7.28
-3.245	-7.46
-3.27	-7.62
-3.285	-7.78
-3.285	-7.78
-3.3000000000000003	-7.96
-3.3200000000000003	-8.120000000000001
-3.34	-8.3
-3.34	-8.3
-3.36	-8.48
-3.375	-8.64
-3.395	-8.82
-3.395	-8.82
-3.41	-9.0
-3.43	-9.18
-3.45	-9.36
-3.45	-9.36
-3.465	-9.540000000000001
-3.485	-9.74
-3.5	-9.9
-3.5	-9.92
-3.515	-10.1
-3.535	-10.3
-3.5500000000000003	-10.5
-3.5500000000000003	-10.5
-3.565	-10.68
-3.58	-10.88
-3.6	-11.08
-3.6	-11.08
-3.615	-11.28
-3.63	-11.46
-3.65	-11.66
-3.65	-11.66
-3.665	-11.86
-3.68	-12.08
-3.685	-12.06
-3.6950000000000003	-12.280000000000001
-3.71	-12.46
-3.725	-12.68
-3.73	-12.68
-3.745	-12.9
-3.7600000000000002	-13.1
-3.775	-13.3
-3.775	-13.3
-3.79	-13.52
-3.805	-13.76
-3.825	-13.94
-3.8200000000000003	-13.94
-3.835	-14.16
-3.85	-14.38
-3.865	-14.58
-3.865	-14.6
-3.88	-14.8
-3.895	-15.02
-3.91	-15.24
-3.91	-15.24
-3.9250000000000003	-15.46
-3.94	-15.66
-3.95	-15.88
-3.95	-15.88
-3.9650000000000003	-16.1
-3.98	-16.36
-3.995	-16.56
-3.995	-16.56
-4.015	-16.78
-4.025	-17.0
-4.04	-17.26
-4.04	-17.240000000000002
-4.05	-17.46
-4.07	-17.7
-4.08	-17.92
-4.08	-17.92
-4.095	-18.16
-4.11	-18.38
-4.12	-18.62
-4.12	-18.62
-4.135	-18.84
-4.15	-19.06
-4.165	-19.3
-4.165	-19.3
-4.175	-19.54
-4.1850000000000005	-19.76
-4.205	-20.0
-4.205	-20.0
-4.215	-20.22
-4.23	-20.240000000000002
-4.23	-20.240000000000002
