0.005	0.02
0.005	0.04
0.005	0.02
0.005	0.04
0.005	0.02
0.0	0.02
0.005	0.02
0.0	0.02
0.0	0.02
-0.055	0.04
-0.11	0.02
-0.135	0.04
-0.135	0.04
-0.16	0.04
-0.19	0.02
-0.22	0.02
-0.25	0.04
-0.25	0.02
-0.28	0.02
-0.315	0.04
-0.34500000000000003	0.04
-0.375	0.02
-0.405	0.02
-0.41000000000000003	0.02
-0.44	0.02
-0.47000000000000003	0.02
-0.5	0.02
-0.535	0.02
-0.5650000000000001	0.02
-0.5650000000000001	0.02
-0.595	0.02
-0.63	0.02
-0.66	0.02
-0.6900000000000001	0.02
-0.6950000000000001	0.02
-0.725	0.02
-0.755	0.04
-0.79	0.04
-0.8200000000000001	0.04
-0.855	0.02
-0.855	0.02
-0.885	0.02
-0.915	0.02
-0.9450000000000001	0.02
-0.98	0.02
-1.01	0.04
-1.0150000000000001	0.02
-1.04	0.02
-1.075	0.02
-1.105	0.02
-1.1400000000000001	0.02
-1.135	0.02
-1.165	0.04
-1.195	0.04
-1.225	0.02
-1.2550000000000001	0.02
-1.29	0.04
-1.29	0.02
-1.32	0.02
-1.355	0.02
-1.385	0.02
-1.42	0.02
-1.45	0.02
-1.45	0.02
-1.48	0.02
-1.51	0.02
-1.545	0.02
-1.575	0.04
-1.58	0.02
-1.61	0.04
-1.6400000000000001	0.02
-1.67	0.02
-1.705	0.02
-1.735	0.04
-1.735	0.02
-1.77	0.02
-1.8	0.04
-1.835	0.02
-1.865	0.02
-1.9000000000000001	0.02
-1.895	0.04
-1.93	0.02
-1.96	0.04
-1.995	0.02
-2.025	0.02
-2.025	0.02
-2.06	0.02
-2.09	0.04
-2.125	0.02
-2.15	0.02
-2.18	0.02
-2.185	0.02
-2.215	0.04
-2.245	0.04
-2.2800000000000002	0.04
-2.31	0.02
-2.345	0.04
-2.345	0.02
-2.38	0.02
-2.41	0.02
-2.44	0.02
-2.475	0.02
-2.47	0.02
-2.505	0.02
-2.535	0.02
-2.565	0.0
-2.595	0.0
-2.63	-0.02
-2.625	-0.02
-2.6550000000000002	-0.04
-2.685	-0.08
-2.715	-0.1
-2.745	-0.14
-2.77	-0.2
-2.775	-0.18
-2.805	-0.24
-2.83	-0.28
-2.855	-0.34
-2.88	-0.4
-2.8850000000000002	-0.4
-2.9050000000000002	-0.48
-2.935	-0.54
-2.96	-0.62
-2.985	-0.7000000000000001
-3.0100000000000002	-0.78
-3.0100000000000002	-0.8
-3.035	-0.88
-3.06	-0.98
-3.085	-1.06
-3.11	-1.18
-3.1350000000000002	-1.28
-3.13	-1.28
-3.1550000000000002	-1.4000000000000001
-3.18	-1.5
-3.205	-1.62
-3.225	-1.74
-3.22	-1.74
-3.245	-1.8800000000000001
-3.265	-2.0
-3.285	-2.14
-3.31	-2.2800000000000002
-3.33	-2.4
-3.33	-2.42
-3.35	-2.54
-3.37	-2.7
-3.39	-2.84
-3.41	-3.0
-3.43	-3.16
-3.43	-3.14
-3.45	-3.3000000000000003
-3.475	-3.46
-3.49	-3.62
-3.5100000000000002	-3.8000000000000003
-3.5100000000000002	-3.7800000000000002
-3.525	-3.96
-3.545	-4.14
-3.5700000000000003	-4.3
-3.58	-4.46
-3.6	-4.64
-3.605	-4.64
-3.62	-4.82
-3.6350000000000002	-5.0
-3.6550000000000002	-5.16
-3.6750000000000003	-5.36
-3.69	-5.54
-3.69	-5.54
-3.705	-5.72
-3.725	-5.9
-3.745	-6.08
-3.7600000000000002	-6.3
-3.7600000000000002	-6.3
-3.775	-6.48
-3.79	-6.68
-3.81	-6.88
-3.825	-7.08
-3.84	-7.26
-3.845	-7.26
-3.86	-7.46
-3.875	-7.66
-3.895	-7.86
-3.91	-8.08
-3.9250000000000003	-8.28
-3.9250000000000003	-8.28
-3.94	-8.48
-3.955	-8.700000000000001
-3.97	-8.9
-3.985	-9.1
-3.985	-9.120000000000001
-4.0	-9.32
-4.015	-9.540000000000001
-4.03	-9.74
-4.045	-9.98
-4.065	-10.18
-4.0600000000000005	-10.18
-4.08	-10.42
-4.095	-10.620000000000001
-4.11	-10.86
-4.12	-11.06
-4.135	-11.28
-4.135	-11.28
-4.155	-11.5
-4.165	-11.72
-4.18	-11.96
-4.19	-12.16
-4.195	-12.16
-4.205	-12.4
-4.225	-12.620000000000001
-4.235	-12.84
-4.25	-13.08
-4.2700000000000005	-13.3
-4.265	-13.3
-4.28	-13.540000000000001
-4.295	-13.780000000000001
-4.305	-14.0
-4.32	-14.24
-4.335	-14.46
-4.335	-14.46
-4.3500000000000005	-14.700000000000001
-4.365	-14.94
-4.375	-15.18
-4.39	-15.4
-4.39	-15.4
-4.405	-15.64
-4.415	-15.88
-4.43	-16.1
-4.445	-16.36
-4.46	-16.6
-4.455	-16.580000000000002
-4.47	-16.84
-4.485	-17.080000000000002
-4.495	-17.32
-4.51	-17.56
-4.525	-17.82
-4.525	-17.82
-4.535	-18.06
-4.55	-18.3
-4.565	-18.56
-4.575	-18.78
-4.575	-18.78
-4.585	-19.02
-4.605	-19.28
-4.61	-19.52
-4.625	-19.76
-4.635	-20.02
-4.64	-20.02
-4.65	-20.240000000000002
-4.66	-20.240000000000002
-4.675	-20.240000000000002
-4.6850000000000005	-20.240000000000002
-4.7	-20.240000000000002
-4.7	-20.240000000000002
-4.715	-20.240000000000002
-4.7250000000000005	-20.240000000000002
-4.735	-20.240000000000002
-4.745	-20.240000000000002
-4.75	-20.240000000000002
