0.002	0.02
0.002	0.02
0.002	0.02
0.002	0.02
0.002	0.02
0.002	0.02
0.002	0.02
0.002	0.02
0.002	0.02
0.002	0.02
0.002	0.02
0.004	0.04
0.004	0.04
0.048	0.56
0.048	0.56
0.084	0.96
0.084	0.96
0.084	0.96
0.10400000000000001	1.18
0.10200000000000001	1.2
0.12	1.36
0.11800000000000001	1.36
0.134	1.52
0.132	1.52
0.148	1.68
0.148	1.68
0.162	1.84
0.162	1.86
0.178	2.02
0.178	2.02
0.194	2.2
0.194	2.2
0.20800000000000002	2.36
0.21	2.38
0.20800000000000002	2.36
0.226	2.56
0.224	2.56
0.242	2.74
0.242	2.74
0.258	2.92
0.26	2.92
0.276	3.1
0.274	3.12
0.292	3.3000000000000003
0.292	3.3000000000000003
0.308	3.46
0.31	3.48
0.324	3.66
0.326	3.66
0.34	3.84
0.342	3.84
0.34	3.8200000000000003
0.358	4.0200000000000005
0.358	4.0200000000000005
0.374	4.2
0.374	4.2
0.392	4.4
0.392	4.38
0.40800000000000003	4.58
0.40800000000000003	4.5600000000000005
0.426	4.76
0.426	4.76
0.442	4.92
0.442	4.94
0.46	5.1000000000000005
0.46	5.12
0.47400000000000003	5.3
0.47600000000000003	5.3
0.47600000000000003	5.3
0.494	5.48
0.494	5.5
0.512	5.68
0.512	5.68
0.528	5.86
0.53	5.86
0.546	6.04
0.546	6.04
0.5640000000000001	6.22
0.5640000000000001	6.22
0.58	6.4
0.58	6.4
0.598	6.6000000000000005
0.6	6.6000000000000005
0.614	6.76
0.614	6.76
0.614	6.78
0.632	6.94
0.632	6.96
0.648	7.12
0.648	7.12
0.664	7.3
0.664	7.3
0.68	7.46
0.68	7.46
0.6980000000000001	7.640000000000001
0.6960000000000001	7.640000000000001
0.714	7.82
0.714	7.8
0.73	8.0
0.732	8.0
0.748	8.16
0.748	8.16
0.748	8.16
0.766	8.36
0.766	8.36
0.784	8.56
0.784	8.540000000000001
0.802	8.72
0.8	8.72
0.8180000000000001	8.9
0.8200000000000001	8.9
0.838	9.08
0.838	9.08
0.854	9.26
0.854	9.26
0.872	9.44
0.872	9.44
0.888	9.6
0.888	9.58
0.888	9.6
0.906	9.78
0.906	9.78
0.924	9.96
0.924	9.96
0.9420000000000001	10.14
0.9420000000000001	10.14
0.96	10.3
0.96	10.3
0.978	10.48
0.978	10.48
0.994	10.66
0.994	10.66
1.012	10.84
1.012	10.84
1.03	11.02
1.03	11.02
1.028	11.02
1.048	11.200000000000001
1.048	11.200000000000001
1.066	11.38
1.066	11.36
1.084	11.56
1.084	11.56
1.102	11.72
1.102	11.72
1.122	11.9
1.12	11.9
1.1380000000000001	12.08
1.1360000000000001	12.08
1.156	12.24
1.156	12.24
1.172	12.42
1.172	12.42
1.174	12.42
1.192	12.6
1.192	12.6
1.208	12.76
1.21	12.780000000000001
1.228	12.94
1.228	12.96
1.244	13.120000000000001
1.246	13.120000000000001
1.264	13.3
1.264	13.3
1.282	13.48
1.282	13.48
1.3	13.64
1.3	13.64
1.316	13.8
1.316	13.8
1.316	13.8
1.336	13.98
1.336	13.98
1.354	14.16
1.354	14.16
1.372	14.32
1.372	14.34
1.3900000000000001	14.5
1.3900000000000001	14.5
1.408	14.68
1.408	14.68
1.426	14.84
1.426	14.84
1.446	15.02
1.444	15.02
1.462	15.18
1.462	15.18
1.462	15.18
1.48	15.36
1.48	15.36
1.498	15.52
1.498	15.52
1.518	15.700000000000001
1.518	15.700000000000001
1.536	15.860000000000001
1.536	15.860000000000001
1.554	16.04
1.554	16.04
1.572	16.2
1.572	16.2
1.59	16.38
1.59	16.38
1.608	16.54
1.608	16.54
1.608	16.52
1.6260000000000001	16.72
1.6260000000000001	16.72
1.6460000000000001	16.88
1.6440000000000001	16.88
1.6640000000000001	17.06
1.6640000000000001	17.06
1.682	17.22
1.682	17.22
1.702	17.400000000000002
1.702	17.400000000000002
1.72	17.56
1.72	17.56
1.738	17.72
1.738	17.72
1.756	17.88
1.756	17.88
1.756	17.88
1.774	18.04
1.774	18.06
1.794	18.22
1.792	18.22
1.812	18.400000000000002
1.812	18.400000000000002
1.83	18.56
1.83	18.56
1.848	18.740000000000002
1.848	18.72
1.866	18.88
1.868	18.88
1.8860000000000001	19.06
1.8860000000000001	19.04
1.9040000000000001	19.22
1.9020000000000001	19.2
1.9040000000000001	19.2
1.922	19.38
1.922	19.400000000000002
1.94	19.56
1.94	19.56
1.96	19.72
1.96	19.72
1.978	19.88
1.978	19.88
1.996	20.06
1.996	20.06
2.016	20.22
2.016	20.22
2.0220000000000002	20.22
2.0220000000000002	20.22
2.0220000000000002	20.22
2.0220000000000002	20.22
2.0220000000000002	20.22
