0.002	0.02
0.002	0.02
0.002	0.02
0.002	0.02
0.002	0.02
0.002	0.02
0.002	0.02
0.002	0.02
0.002	0.02
0.004	0.02
0.002	0.02
0.004	0.04
0.004	0.04
0.046	0.56
0.046	0.56
0.082	0.98
0.082	0.98
0.08	0.96
0.10400000000000001	1.22
0.10200000000000001	1.22
0.116	1.3800000000000001
0.11800000000000001	1.3800000000000001
0.132	1.54
0.13	1.54
0.14400000000000002	1.7
0.14400000000000002	1.7
0.158	1.8800000000000001
0.16	1.8800000000000001
0.17400000000000002	2.06
0.17400000000000002	2.06
0.188	2.24
0.19	2.24
0.20400000000000001	2.4
0.20400000000000001	2.4
0.20400000000000001	2.4
0.22	2.6
0.22	2.6
0.23600000000000002	2.7800000000000002
0.23600000000000002	2.7800000000000002
0.254	2.96
0.252	2.98
0.268	3.16
0.268	3.16
0.28400000000000003	3.34
0.28600000000000003	3.36
0.3	3.52
0.302	3.54
0.318	3.72
0.318	3.72
0.334	3.9
0.334	3.9
0.334	3.9
0.352	4.08
0.352	4.08
0.366	4.28
0.366	4.28
0.384	4.46
0.384	4.46
0.4	4.64
0.4	4.64
0.41600000000000004	4.84
0.418	4.84
0.434	5.04
0.432	5.0200000000000005
0.45	5.2
0.45	5.2
0.466	5.38
0.466	5.38
0.466	5.38
0.482	5.58
0.484	5.58
0.498	5.78
0.5	5.78
0.518	5.96
0.516	5.96
0.532	6.140000000000001
0.534	6.140000000000001
0.552	6.34
0.55	6.34
0.5680000000000001	6.5200000000000005
0.5680000000000001	6.5200000000000005
0.584	6.72
0.584	6.7
0.6	6.88
0.6	6.88
0.6	6.88
0.618	7.08
0.616	7.0600000000000005
0.634	7.24
0.636	7.24
0.65	7.42
0.65	7.42
0.664	7.6000000000000005
0.664	7.6000000000000005
0.682	7.76
0.682	7.76
0.6980000000000001	7.94
0.6980000000000001	7.94
0.714	8.14
0.716	8.14
0.73	8.32
0.73	8.3
0.732	8.3
0.748	8.48
0.748	8.5
0.766	8.68
0.766	8.68
0.784	8.86
0.784	8.86
0.8	9.040000000000001
0.8	9.040000000000001
0.8180000000000001	9.24
0.8180000000000001	9.24
0.834	9.42
0.836	9.42
0.852	9.6
0.852	9.6
0.868	9.78
0.87	9.76
0.868	9.76
0.886	9.96
0.886	9.96
0.904	10.120000000000001
0.902	10.14
0.92	10.32
0.92	10.3
0.936	10.48
0.9380000000000001	10.48
0.9540000000000001	10.68
0.9540000000000001	10.68
0.972	10.86
0.972	10.86
0.988	11.040000000000001
0.99	11.040000000000001
1.006	11.200000000000001
1.004	11.22
1.006	11.200000000000001
1.024	11.38
1.022	11.4
1.04	11.58
1.04	11.58
1.058	11.76
1.058	11.74
1.076	11.94
1.076	11.94
1.094	12.120000000000001
1.092	12.120000000000001
1.11	12.280000000000001
1.11	12.3
1.1280000000000001	12.48
1.1280000000000001	12.48
1.1440000000000001	12.64
1.1440000000000001	12.64
1.1440000000000001	12.64
1.164	12.84
1.162	12.82
1.18	13.0
1.18	13.0
1.198	13.18
1.198	13.18
1.216	13.36
1.214	13.36
1.234	13.540000000000001
1.232	13.540000000000001
1.25	13.72
1.25	13.72
1.268	13.88
1.268	13.9
1.284	14.06
1.284	14.06
1.286	14.06
1.302	14.26
1.304	14.24
1.32	14.42
1.32	14.42
1.338	14.58
1.338	14.6
1.356	14.780000000000001
1.356	14.780000000000001
1.3760000000000001	14.96
1.374	14.96
1.3920000000000001	15.120000000000001
1.3920000000000001	15.14
1.41	15.3
1.408	15.3
1.426	15.46
1.426	15.46
1.426	15.46
1.444	15.66
1.444	15.64
1.46	15.82
1.462	15.82
1.48	16.0
1.48	16.0
1.496	16.16
1.496	16.16
1.514	16.36
1.514	16.34
1.532	16.52
1.532	16.52
1.55	16.68
1.55	16.68
1.566	16.86
1.566	16.86
1.566	16.86
1.584	17.04
1.586	17.04
1.604	17.22
1.604	17.2
1.622	17.38
1.622	17.38
1.6380000000000001	17.56
1.6380000000000001	17.54
1.6580000000000001	17.740000000000002
1.6560000000000001	17.740000000000002
1.674	17.900000000000002
1.674	17.92
1.692	18.080000000000002
1.694	18.080000000000002
1.71	18.240000000000002
1.71	18.240000000000002
1.71	18.240000000000002
1.726	18.42
1.728	18.42
1.746	18.580000000000002
1.746	18.580000000000002
1.764	18.76
1.764	18.76
1.78	18.92
1.782	18.94
1.798	19.1
1.8	19.1
1.818	19.26
1.816	19.26
1.834	19.46
1.836	19.44
1.852	19.62
1.852	19.62
1.852	19.62
1.87	19.78
1.87	19.78
1.8880000000000001	19.96
1.8880000000000001	19.96
1.9060000000000001	20.12
1.9060000000000001	20.14
1.924	20.22
1.922	20.22
1.942	20.22
1.942	20.22
1.96	20.22
1.958	20.22
1.978	20.22
1.978	20.22
1.994	20.22
1.992	20.22
1.994	20.22
