0.005	0.02
0.005	0.02
0.005	0.02
0.005	0.04
0.005	0.02
0.005	0.04
0.005	0.02
0.005	0.02
0.005	0.04
0.005	0.04
-0.05	0.02
-0.11	0.04
-0.11	0.02
-0.135	0.02
-0.16	0.04
-0.19	0.04
-0.19	0.02
-0.22	0.04
-0.25	0.04
-0.28	0.04
-0.28	0.02
-0.315	0.02
-0.34500000000000003	0.04
-0.375	0.02
-0.375	0.04
-0.405	0.04
-0.44	0.04
-0.47000000000000003	0.04
-0.47000000000000003	0.04
-0.5	0.02
-0.535	0.02
-0.5650000000000001	0.02
-0.5650000000000001	0.04
-0.595	0.02
-0.63	0.04
-0.66	0.02
-0.66	0.02
-0.6950000000000001	0.04
-0.725	0.02
-0.755	0.04
-0.755	0.02
-0.785	0.02
-0.8200000000000001	0.02
-0.85	0.04
-0.85	0.02
-0.885	0.02
-0.915	0.02
-0.9500000000000001	0.02
-0.9500000000000001	0.02
-0.98	0.02
-1.01	0.02
-1.01	0.02
-1.045	0.02
-1.075	0.04
-1.105	0.02
-1.105	0.04
-1.1400000000000001	0.02
-1.165	0.04
-1.195	0.02
-1.195	0.04
-1.225	0.04
-1.2550000000000001	0.02
-1.29	0.02
-1.285	0.02
-1.32	0.02
-1.35	0.04
-1.385	0.02
-1.385	0.02
-1.415	0.02
-1.45	0.02
-1.48	0.02
-1.48	0.02
-1.51	0.02
-1.545	0.02
-1.575	0.02
-1.575	0.0
-1.605	0.0
-1.635	-0.02
-1.67	-0.02
-1.67	-0.02
-1.7	-0.04
-1.73	-0.04
-1.76	-0.04
-1.76	-0.06
-1.795	-0.08
-1.825	-0.08
-1.855	-0.1
-1.855	-0.1
-1.885	-0.12
-1.915	-0.14
-1.94	-0.18
-1.94	-0.18
-1.97	-0.22
-2.0	-0.26
-2.0300000000000002	-0.3
-2.0300000000000002	-0.28
-2.06	-0.34
-2.085	-0.38
-2.11	-0.44
-2.11	-0.42
-2.14	-0.5
-2.165	-0.56
-2.165	-0.56
-2.19	-0.64
-2.22	-0.7000000000000001
-2.24	-0.76
-2.245	-0.78
-2.275	-0.86
-2.295	-0.9400000000000001
-2.32	-1.04
-2.32	-1.04
-2.34	-1.12
-2.365	-1.22
-2.39	-1.34
-2.39	-1.32
-2.415	-1.46
-2.435	-1.56
-2.45	-1.7
-2.455	-1.7
-2.48	-1.82
-2.5	-1.94
-2.52	-2.08
-2.52	-2.08
-2.54	-2.22
-2.56	-2.4
-2.58	-2.52
-2.58	-2.52
-2.6	-2.68
-2.62	-2.84
-2.64	-2.98
-2.64	-2.98
-2.66	-3.14
-2.68	-3.3000000000000003
-2.7	-3.44
-2.7	-3.44
-2.72	-3.58
-2.74	-3.74
-2.7600000000000002	-3.88
-2.7600000000000002	-3.88
-2.7800000000000002	-4.0200000000000005
-2.805	-4.16
-2.825	-4.3
-2.825	-4.3
-2.845	-4.44
-2.87	-4.58
-2.89	-4.72
-2.89	-4.72
-2.91	-4.86
-2.93	-5.0
-2.95	-5.16
-2.95	-5.14
-2.975	-5.3
-2.99	-5.44
-2.99	-5.44
-3.015	-5.5600000000000005
-3.035	-5.72
-3.055	-5.88
-3.055	-5.86
-3.075	-6.0200000000000005
-3.095	-6.18
-3.115	-6.34
-3.115	-6.34
-3.1350000000000002	-6.48
-3.15	-6.640000000000001
-3.17	-6.8
-3.1750000000000003	-6.8
-3.1950000000000003	-6.96
-3.21	-7.12
-3.23	-7.28
-3.23	-7.3
-3.25	-7.46
-3.27	-7.640000000000001
-3.29	-7.8
-3.29	-7.78
-3.305	-7.96
-3.325	-8.14
-3.345	-8.3
-3.345	-8.32
-3.36	-8.48
-3.38	-8.66
-3.4	-8.84
-3.395	-8.84
-3.415	-9.02
-3.435	-9.200000000000001
-3.45	-9.38
-3.45	-9.38
-3.47	-9.56
-3.485	-9.74
-3.5	-9.94
-3.505	-9.94
-3.52	-10.14
-3.535	-10.32
-3.555	-10.52
-3.555	-10.52
-3.5700000000000003	-10.700000000000001
-3.59	-10.9
-3.605	-11.1
-3.6	-11.1
-3.625	-11.28
-3.6350000000000002	-11.48
-3.65	-11.68
-3.6550000000000002	-11.700000000000001
-3.67	-11.9
-3.685	-12.1
-3.685	-12.08
-3.7	-12.3
-3.715	-12.5
-3.73	-12.72
-3.735	-12.700000000000001
-3.75	-12.92
-3.765	-13.120000000000001
-3.7800000000000002	-13.34
-3.7800000000000002	-13.34
-3.795	-13.56
-3.81	-13.780000000000001
-3.825	-13.98
-3.825	-13.98
-3.84	-14.200000000000001
-3.855	-14.42
-3.87	-14.64
-3.87	-14.64
-3.8850000000000002	-14.86
-3.9	-15.06
-3.915	-15.280000000000001
-3.915	-15.280000000000001
-3.93	-15.5
-3.94	-15.72
-3.955	-15.92
-3.955	-15.94
-3.975	-16.16
-3.99	-16.38
-4.0	-16.6
-4.0	-16.6
-4.015	-16.84
-4.03	-17.06
-4.045	-17.32
-4.045	-17.3
-4.0600000000000005	-17.52
-4.07	-17.740000000000002
-4.085	-17.98
-4.085	-17.98
-4.1	-18.2
-4.115	-18.44
-4.125	-18.68
-4.125	-18.68
-4.14	-18.92
-4.155	-19.14
-4.165	-19.36
-4.165	-19.36
-4.18	-19.6
-4.195	-19.84
-4.21	-20.080000000000002
-4.21	-20.080000000000002
-4.22	-20.240000000000002
-4.235	-20.240000000000002
-4.235	-20.240000000000002
