0.005	0.04
0.005	0.02
0.005	0.04
0.005	0.02
0.005	0.04
0.005	0.04
0.0	0.02
0.005	0.02
0.005	0.04
-0.045	0.02
-0.045	0.02
-0.11	0.02
-0.135	0.04
-0.16	0.02
-0.16	0.02
-0.19	0.04
-0.22	0.02
-0.25	0.04
-0.28	0.02
-0.28500000000000003	0.02
-0.31	0.02
-0.34	0.04
-0.375	0.04
-0.405	0.04
-0.405	0.04
-0.435	0.02
-0.47000000000000003	0.04
-0.5	0.02
-0.5	0.02
-0.53	0.02
-0.5650000000000001	0.02
-0.595	0.04
-0.625	0.04
-0.625	0.02
-0.655	0.02
-0.6950000000000001	0.02
-0.72	0.02
-0.755	0.02
-0.755	0.04
-0.785	0.04
-0.8200000000000001	0.02
-0.85	0.02
-0.85	0.02
-0.885	0.02
-0.915	0.04
-0.9450000000000001	0.02
-0.975	0.02
-0.975	0.02
-1.01	0.02
-1.045	0.02
-1.07	0.02
-1.075	0.02
-1.105	0.02
-1.135	0.02
-1.165	0.02
-1.195	0.02
-1.195	0.04
-1.22	0.02
-1.2550000000000001	0.02
-1.285	0.04
-1.32	0.02
-1.32	0.02
-1.35	0.02
-1.385	0.04
-1.415	0.04
-1.415	0.02
-1.445	0.04
-1.48	0.04
-1.51	0.02
-1.545	0.04
-1.545	0.02
-1.575	0.02
-1.605	0.02
-1.6400000000000001	0.02
-1.67	0.02
-1.67	0.02
-1.705	0.04
-1.735	0.04
-1.77	0.02
-1.77	0.02
-1.8	0.02
-1.835	0.04
-1.865	0.02
-1.895	0.04
-1.895	0.04
-1.925	0.04
-1.96	0.02
-1.99	0.02
-2.025	0.02
-2.025	0.02
-2.055	0.02
-2.085	0.04
-2.12	0.02
-2.12	0.02
-2.15	0.04
-2.18	0.02
-2.215	0.02
-2.245	0.02
-2.25	0.02
-2.2800000000000002	0.02
-2.31	0.02
-2.345	0.04
-2.345	0.02
-2.375	0.02
-2.4050000000000002	0.02
-2.44	0.02
-2.47	0.04
-2.47	0.02
-2.5	0.02
-2.5300000000000002	0.02
-2.565	0.02
-2.595	0.0
-2.595	0.0
-2.625	-0.02
-2.6550000000000002	-0.04
-2.685	-0.08
-2.685	-0.08
-2.715	-0.1
-2.745	-0.14
-2.775	-0.18
-2.8000000000000003	-0.24
-2.8000000000000003	-0.22
-2.83	-0.3
-2.855	-0.36
-2.88	-0.42
-2.91	-0.48
-2.9050000000000002	-0.48
-2.935	-0.56
-2.96	-0.62
-2.985	-0.72
-2.985	-0.7000000000000001
-3.0100000000000002	-0.8
-3.035	-0.88
-3.06	-0.98
-3.085	-1.08
-3.085	-1.08
-3.11	-1.18
-3.1350000000000002	-1.3
-3.1550000000000002	-1.4000000000000001
-3.18	-1.52
-3.18	-1.52
-3.205	-1.6400000000000001
-3.225	-1.76
-3.245	-1.9000000000000001
-3.245	-1.9000000000000001
-3.27	-2.02
-3.29	-2.16
-3.31	-2.3000000000000003
-3.335	-2.44
-3.33	-2.44
-3.355	-2.58
-3.375	-2.72
-3.395	-2.88
-3.395	-2.88
-3.415	-3.04
-3.435	-3.2
-3.455	-3.34
-3.475	-3.52
-3.475	-3.52
-3.495	-3.66
-3.515	-3.84
-3.5300000000000002	-4.0
-3.555	-4.2
-3.5500000000000003	-4.2
-3.5700000000000003	-4.36
-3.59	-4.54
-3.61	-4.7
-3.61	-4.7
-3.625	-4.9
-3.645	-5.0600000000000005
-3.66	-5.24
-3.68	-5.46
-3.68	-5.44
-3.7	-5.62
-3.715	-5.8
-3.735	-6.0
-3.75	-6.2
-3.75	-6.18
-3.765	-6.38
-3.785	-6.58
-3.8000000000000003	-6.78
-3.8000000000000003	-6.78
-3.815	-6.98
-3.835	-7.2
-3.85	-7.38
-3.865	-7.6000000000000005
-3.865	-7.6000000000000005
-3.88	-7.8
-3.9	-8.0
-3.915	-8.2
-3.93	-8.42
-3.93	-8.42
-3.95	-8.620000000000001
-3.96	-8.84
-3.98	-9.040000000000001
-3.975	-9.040000000000001
-3.995	-9.26
-4.01	-9.48
-4.025	-9.68
-4.04	-9.92
-4.04	-9.92
-4.0600000000000005	-10.14
-4.07	-10.36
-4.09	-10.6
-4.085	-10.58
-4.105	-10.8
-4.12	-11.02
-4.13	-11.26
-4.15	-11.5
-4.1450000000000005	-11.48
-4.16	-11.700000000000001
-4.18	-11.94
-4.19	-12.16
-4.205	-12.38
-4.21	-12.38
-4.22	-12.6
-4.235	-12.84
-4.25	-13.08
-4.25	-13.08
-4.265	-13.3
-4.28	-13.540000000000001
-4.29	-13.780000000000001
-4.305	-14.02
-4.305	-14.02
-4.325	-14.26
-4.335	-14.5
-4.3500000000000005	-14.72
-4.365	-14.96
-4.36	-14.96
-4.38	-15.200000000000001
-4.39	-15.44
-4.405	-15.700000000000001
-4.405	-15.68
-4.42	-15.94
-4.4350000000000005	-16.16
-4.445	-16.42
-4.46	-16.66
-4.455	-16.66
-4.47	-16.9
-4.485	-17.16
-4.5	-17.400000000000002
-4.515	-17.64
-4.515	-17.66
-4.525	-17.900000000000002
-4.54	-18.16
-4.555	-18.400000000000002
-4.55	-18.400000000000002
-4.565	-18.64
-4.58	-18.900000000000002
-4.59	-19.16
-4.605	-19.38
-4.605	-19.38
-4.615	-19.64
-4.63	-19.900000000000002
-4.635	-20.14
-4.6450000000000005	-20.080000000000002
