0.005	0.02
0.005	0.02
0.005	0.02
0.005	0.02
0.005	0.02
0.005	0.02
0.005	0.02
0.005	0.02
0.005	0.04
-0.045	0.04
-0.05	0.02
-0.11	0.02
-0.135	0.02
-0.16	0.02
-0.16	0.02
-0.19	0.02
-0.22	0.02
-0.25	0.02
-0.28	0.02
-0.28	0.04
-0.315	0.02
-0.34	0.02
-0.375	0.02
-0.405	0.02
-0.41000000000000003	0.02
-0.44	0.02
-0.47000000000000003	0.04
-0.5	0.04
-0.5	0.02
-0.53	0.04
-0.5650000000000001	0.04
-0.595	0.04
-0.63	0.04
-0.625	0.02
-0.66	0.02
-0.6950000000000001	0.02
-0.72	0.02
-0.755	0.02
-0.755	0.02
-0.785	0.02
-0.8200000000000001	0.04
-0.85	0.04
-0.85	0.02
-0.885	0.04
-0.915	0.02
-0.9500000000000001	0.04
-0.975	0.02
-0.98	0.02
-1.01	0.02
-1.04	0.02
-1.075	0.04
-1.075	0.02
-1.105	0.04
-1.135	0.04
-1.165	0.04
-1.195	0.02
-1.195	0.02
-1.22	0.02
-1.2550000000000001	0.04
-1.285	0.04
-1.32	0.04
-1.32	0.02
-1.35	0.04
-1.3800000000000001	0.04
-1.42	0.04
-1.415	0.04
-1.445	0.04
-1.48	0.02
-1.51	0.04
-1.545	0.04
-1.54	0.02
-1.575	0.02
-1.605	0.02
-1.6400000000000001	0.02
-1.67	0.02
-1.67	0.04
-1.705	0.02
-1.735	0.04
-1.7650000000000001	0.02
-1.77	0.02
-1.8	0.02
-1.835	0.02
-1.865	0.04
-1.9000000000000001	0.04
-1.895	0.04
-1.93	0.02
-1.96	0.02
-1.99	0.04
-2.025	0.04
-2.025	0.04
-2.055	0.02
-2.09	0.04
-2.12	0.04
-2.12	0.02
-2.15	0.04
-2.185	0.02
-2.215	0.02
-2.245	0.04
-2.25	0.02
-2.2800000000000002	0.04
-2.31	0.04
-2.345	0.02
-2.345	0.02
-2.375	0.02
-2.41	0.02
-2.44	0.04
-2.47	0.02
-2.475	0.02
-2.505	0.02
-2.5300000000000002	0.02
-2.565	0.02
-2.595	0.02
-2.595	0.0
-2.625	-0.02
-2.6550000000000002	-0.04
-2.685	-0.08
-2.685	-0.08
-2.715	-0.1
-2.745	-0.14
-2.77	-0.18
-2.8000000000000003	-0.22
-2.805	-0.22
-2.83	-0.28
-2.86	-0.34
-2.8850000000000002	-0.4
-2.91	-0.48
-2.91	-0.48
-2.935	-0.56
-2.96	-0.62
-2.985	-0.7000000000000001
-2.99	-0.72
-3.015	-0.78
-3.04	-0.88
-3.06	-0.98
-3.085	-1.06
-3.085	-1.06
-3.11	-1.18
-3.1350000000000002	-1.28
-3.16	-1.4000000000000001
-3.18	-1.5
-3.18	-1.5
-3.205	-1.62
-3.225	-1.76
-3.25	-1.8800000000000001
-3.25	-1.8800000000000001
-3.27	-2.0
-3.29	-2.14
-3.315	-2.2800000000000002
-3.335	-2.42
-3.335	-2.42
-3.355	-2.56
-3.38	-2.72
-3.4	-2.84
-3.4	-2.86
-3.42	-3.02
-3.44	-3.16
-3.46	-3.3200000000000003
-3.48	-3.48
-3.48	-3.48
-3.5	-3.64
-3.52	-3.8200000000000003
-3.535	-3.98
-3.555	-4.16
-3.555	-4.16
-3.575	-4.32
-3.595	-4.5
-3.61	-4.68
-3.61	-4.68
-3.63	-4.86
-3.65	-5.04
-3.665	-5.22
-3.685	-5.4
-3.685	-5.4
-3.7	-5.58
-3.72	-5.78
-3.735	-5.96
-3.755	-6.16
-3.755	-6.16
-3.77	-6.34
-3.79	-6.54
-3.81	-6.76
-3.805	-6.74
-3.825	-6.94
-3.84	-7.16
-3.855	-7.34
-3.87	-7.54
-3.875	-7.5600000000000005
-3.89	-7.76
-3.9050000000000002	-7.98
-3.9250000000000003	-8.16
-3.94	-8.38
-3.94	-8.38
-3.955	-8.58
-3.97	-8.8
-3.985	-9.0
-3.985	-9.0
-4.005	-9.24
-4.0200000000000005	-9.46
-4.035	-9.66
-4.05	-9.88
-4.05	-9.88
-4.065	-10.1
-4.08	-10.32
-4.095	-10.540000000000001
-4.095	-10.56
-4.115	-10.78
-4.125	-11.0
-4.14	-11.200000000000001
-4.155	-11.44
-4.155	-11.46
-4.17	-11.66
-4.1850000000000005	-11.9
-4.2	-12.120000000000001
-4.215	-12.34
-4.215	-12.36
-4.23	-12.58
-4.245	-12.8
-4.26	-13.040000000000001
-4.255	-13.040000000000001
-4.2700000000000005	-13.280000000000001
-4.29	-13.5
-4.3	-13.74
-4.32	-13.98
-4.315	-13.98
-4.33	-14.22
-4.345	-14.46
-4.36	-14.700000000000001
-4.37	-14.94
-4.37	-14.94
-4.385	-15.18
-4.4	-15.42
-4.415	-15.66
-4.42	-15.66
-4.43	-15.9
-4.445	-16.14
-4.46	-16.38
-4.47	-16.64
-4.465	-16.64
-4.485	-16.88
-4.495	-17.12
-4.51	-17.38
-4.525	-17.62
-4.525	-17.62
-4.535	-17.88
-4.555	-18.14
-4.565	-18.38
-4.565	-18.38
-4.575	-18.62
-4.59	-18.86
-4.605	-19.12
-4.615	-19.36
-4.615	-19.36
-4.625	-19.62
-4.6450000000000005	-19.88
-4.655	-20.12
-4.655	-20.12
