0.005	0.02
0.005	0.02
0.005	0.04
0.005	0.02
0.005	0.04
0.005	0.02
0.005	0.02
-0.005	0.04
0.0	0.02
-0.05	0.04
-0.05	0.02
-0.105	0.02
-0.135	0.02
-0.16	0.02
-0.16	0.02
-0.19	0.04
-0.22	0.02
-0.25	0.02
-0.28	0.02
-0.28	0.02
-0.315	0.04
-0.34500000000000003	0.04
-0.375	0.02
-0.405	0.02
-0.41000000000000003	0.02
-0.44	0.04
-0.47000000000000003	0.04
-0.5	0.04
-0.505	0.02
-0.53	0.02
-0.5650000000000001	0.02
-0.595	0.02
-0.625	0.02
-0.63	0.02
-0.66	0.02
-0.6900000000000001	0.04
-0.725	0.02
-0.755	0.02
-0.755	0.02
-0.785	0.04
-0.8200000000000001	0.02
-0.85	0.04
-0.85	0.04
-0.885	0.02
-0.915	0.04
-0.9450000000000001	0.02
-0.98	0.04
-0.98	0.02
-1.01	0.04
-1.04	0.02
-1.075	0.04
-1.075	0.04
-1.105	0.04
-1.135	0.02
-1.165	0.02
-1.19	0.04
-1.195	0.02
-1.22	0.02
-1.2550000000000001	0.04
-1.29	0.02
-1.32	0.04
-1.32	0.02
-1.35	0.04
-1.385	0.04
-1.415	0.02
-1.415	0.04
-1.45	0.02
-1.48	0.02
-1.51	0.02
-1.54	0.02
-1.54	0.04
-1.575	0.02
-1.61	0.02
-1.6400000000000001	0.04
-1.67	0.04
-1.67	0.02
-1.705	0.02
-1.735	0.02
-1.77	0.04
-1.7650000000000001	0.04
-1.8	0.02
-1.835	0.04
-1.865	0.02
-1.9000000000000001	0.02
-1.895	0.04
-1.93	0.04
-1.96	0.04
-1.99	0.04
-2.025	0.02
-2.025	0.04
-2.055	0.04
-2.085	0.04
-2.12	0.04
-2.12	0.04
-2.15	0.04
-2.185	0.02
-2.215	0.04
-2.245	0.04
-2.25	0.04
-2.2800000000000002	0.04
-2.315	0.02
-2.345	0.02
-2.345	0.04
-2.375	0.04
-2.4050000000000002	0.02
-2.44	0.02
-2.47	0.02
-2.47	0.02
-2.5	0.04
-2.535	0.04
-2.565	0.02
-2.595	0.0
-2.6	0.02
-2.63	-0.02
-2.6550000000000002	-0.04
-2.69	-0.08
-2.685	-0.06
-2.715	-0.1
-2.745	-0.14
-2.775	-0.2
-2.805	-0.24
-2.8000000000000003	-0.24
-2.83	-0.28
-2.855	-0.34
-2.8850000000000002	-0.4
-2.91	-0.46
-2.91	-0.48
-2.935	-0.54
-2.965	-0.62
-2.985	-0.7000000000000001
-2.985	-0.7000000000000001
-3.015	-0.78
-3.04	-0.88
-3.065	-0.98
-3.085	-1.06
-3.085	-1.06
-3.11	-1.18
-3.1350000000000002	-1.28
-3.1550000000000002	-1.3800000000000001
-3.18	-1.5
-3.18	-1.5
-3.205	-1.62
-3.225	-1.74
-3.25	-1.8800000000000001
-3.25	-1.8800000000000001
-3.27	-2.0
-3.295	-2.14
-3.31	-2.2800000000000002
-3.335	-2.42
-3.33	-2.4
-3.355	-2.56
-3.375	-2.7
-3.395	-2.84
-3.395	-2.86
-3.415	-3.0
-3.44	-3.16
-3.46	-3.3200000000000003
-3.48	-3.48
-3.475	-3.48
-3.495	-3.64
-3.515	-3.8000000000000003
-3.535	-3.98
-3.555	-4.16
-3.555	-4.14
-3.575	-4.32
-3.595	-4.48
-3.61	-4.66
-3.61	-4.66
-3.63	-4.84
-3.65	-5.0200000000000005
-3.665	-5.2
-3.685	-5.38
-3.685	-5.38
-3.7	-5.5600000000000005
-3.715	-5.76
-3.735	-5.94
-3.755	-6.140000000000001
-3.755	-6.140000000000001
-3.77	-6.34
-3.785	-6.54
-3.805	-6.74
-3.805	-6.72
-3.8200000000000003	-6.92
-3.84	-7.140000000000001
-3.855	-7.32
-3.87	-7.5200000000000005
-3.87	-7.54
-3.89	-7.74
-3.9050000000000002	-7.94
-3.92	-8.16
-3.94	-8.36
-3.94	-8.36
-3.95	-8.56
-3.97	-8.78
-3.985	-8.98
-3.98	-8.98
-4.0	-9.200000000000001
-4.015	-9.42
-4.03	-9.64
-4.05	-9.84
-4.045	-9.84
-4.0600000000000005	-10.08
-4.08	-10.28
-4.095	-10.52
-4.095	-10.52
-4.11	-10.74
-4.125	-10.96
-4.14	-11.18
-4.155	-11.4
-4.155	-11.42
-4.17	-11.620000000000001
-4.1850000000000005	-11.86
-4.195	-12.1
-4.21	-12.3
-4.215	-12.32
-4.225	-12.540000000000001
-4.245	-12.76
-4.255	-13.0
-4.26	-13.0
-4.275	-13.24
-4.285	-13.46
-4.3	-13.700000000000001
-4.315	-13.94
-4.315	-13.94
-4.33	-14.18
-4.345	-14.4
-4.355	-14.64
-4.375	-14.9
-4.37	-14.88
-4.385	-15.120000000000001
-4.3950000000000005	-15.36
-4.415	-15.6
-4.41	-15.6
-4.425	-15.84
-4.4350000000000005	-16.1
-4.455	-16.32
-4.465	-16.580000000000002
-4.465	-16.580000000000002
-4.48	-16.82
-4.495	-17.06
-4.51	-17.32
-4.5200000000000005	-17.56
-4.5200000000000005	-17.56
-4.535	-17.82
-4.55	-18.06
-4.5600000000000005	-18.3
-4.5600000000000005	-18.3
-4.575	-18.56
-4.585	-18.8
-4.6000000000000005	-19.06
-4.61	-19.3
-4.615	-19.28
-4.625	-19.54
-4.64	-19.78
-4.65	-20.04
-4.65	-20.06
