0.005	0.02
0.005	0.02
0.005	0.02
0.005	0.02
0.005	0.02
0.005	0.02
0.01	0.04
0.01	0.02
0.01	0.02
0.005	0.02
0.01	0.02
0.01	0.04
0.01	0.04
0.05	0.54
0.05	0.58
0.09	0.96
0.09	0.96
0.09	0.96
0.11	1.18
0.105	1.2
0.12	1.36
0.125	1.36
0.135	1.52
0.135	1.52
0.15	1.6600000000000001
0.15	1.68
0.165	1.84
0.165	1.84
0.18	2.02
0.18	2.0
0.2	2.18
0.195	2.18
0.215	2.36
0.21	2.36
0.215	2.36
0.23	2.54
0.23	2.54
0.245	2.72
0.245	2.74
0.265	2.92
0.26	2.92
0.28	3.08
0.275	3.1
0.295	3.2800000000000002
0.295	3.2800000000000002
0.31	3.46
0.31	3.46
0.33	3.64
0.33	3.64
0.34500000000000003	3.8200000000000003
0.34500000000000003	3.8200000000000003
0.34500000000000003	3.8200000000000003
0.36	4.0
0.365	4.0
0.375	4.18
0.375	4.2
0.395	4.38
0.395	4.36
0.41000000000000003	4.54
0.41500000000000004	4.54
0.43	4.74
0.43	4.74
0.445	4.92
0.445	4.92
0.46	5.1000000000000005
0.465	5.1000000000000005
0.48	5.28
0.48	5.28
0.47500000000000003	5.28
0.495	5.46
0.495	5.46
0.515	5.66
0.51	5.66
0.53	5.84
0.53	5.84
0.545	6.0200000000000005
0.55	6.0200000000000005
0.5650000000000001	6.2
0.5650000000000001	6.2
0.58	6.38
0.58	6.38
0.595	6.58
0.6	6.58
0.615	6.74
0.615	6.74
0.615	6.74
0.63	6.92
0.635	6.92
0.65	7.1000000000000005
0.65	7.1000000000000005
0.665	7.26
0.665	7.28
0.68	7.44
0.68	7.42
0.7000000000000001	7.6000000000000005
0.7000000000000001	7.6000000000000005
0.715	7.78
0.715	7.78
0.73	7.96
0.73	7.96
0.75	8.14
0.75	8.120000000000001
0.75	8.14
0.77	8.32
0.765	8.32
0.785	8.5
0.785	8.5
0.805	8.68
0.805	8.68
0.8200000000000001	8.86
0.8200000000000001	8.86
0.84	9.040000000000001
0.84	9.040000000000001
0.855	9.22
0.855	9.22
0.875	9.4
0.87	9.4
0.89	9.56
0.885	9.56
0.89	9.56
0.905	9.74
0.905	9.76
0.925	9.9
0.925	9.92
0.9400000000000001	10.1
0.9450000000000001	10.1
0.96	10.26
0.96	10.26
0.98	10.44
0.98	10.44
0.995	10.620000000000001
0.995	10.6
1.0150000000000001	10.8
1.0150000000000001	10.8
1.035	10.98
1.03	10.96
1.025	10.96
1.045	11.16
1.045	11.14
1.065	11.32
1.065	11.34
1.085	11.5
1.085	11.5
1.1	11.68
1.1	11.66
1.12	11.86
1.12	11.84
1.1400000000000001	12.040000000000001
1.135	12.02
1.155	12.22
1.155	12.200000000000001
1.17	12.36
1.17	12.36
1.175	12.36
1.19	12.540000000000001
1.19	12.540000000000001
1.21	12.72
1.21	12.72
1.225	12.88
1.225	12.9
1.245	13.06
1.245	13.06
1.26	13.24
1.2650000000000001	13.24
1.28	13.42
1.28	13.42
1.295	13.58
1.295	13.58
1.31	13.74
1.315	13.76
1.315	13.74
1.335	13.92
1.335	13.92
1.35	14.1
1.355	14.1
1.365	14.26
1.37	14.280000000000001
1.385	14.44
1.3900000000000001	14.44
1.405	14.620000000000001
1.41	14.620000000000001
1.425	14.8
1.425	14.780000000000001
1.445	14.96
1.44	14.96
1.46	15.120000000000001
1.46	15.120000000000001
1.46	15.120000000000001
1.475	15.3
1.475	15.280000000000001
1.495	15.46
1.495	15.46
1.5150000000000001	15.620000000000001
1.5150000000000001	15.64
1.5350000000000001	15.8
1.5350000000000001	15.8
1.55	15.98
1.55	15.96
1.57	16.12
1.57	16.14
1.59	16.3
1.59	16.3
1.605	16.46
1.605	16.46
1.605	16.46
1.625	16.64
1.625	16.64
1.6400000000000001	16.8
1.645	16.8
1.6600000000000001	16.98
1.6600000000000001	16.98
1.68	17.14
1.68	17.14
1.7	17.32
1.7	17.32
1.715	17.48
1.715	17.48
1.735	17.66
1.735	17.66
1.75	17.82
1.75	17.82
1.75	17.8
1.77	17.98
1.77	17.98
1.7850000000000001	18.16
1.7850000000000001	18.14
1.805	18.3
1.805	18.32
1.825	18.46
1.825	18.48
1.845	18.64
1.845	18.64
1.86	18.8
1.86	18.8
1.885	18.98
1.8800000000000001	18.98
1.9000000000000001	19.14
1.9000000000000001	19.14
1.9000000000000001	19.14
1.92	19.32
1.92	19.32
1.935	19.48
1.935	19.46
1.955	19.64
1.955	19.64
1.975	19.8
1.975	19.8
1.99	19.96
1.995	19.96
2.0100000000000002	20.14
2.0100000000000002	20.14
2.025	20.22
2.0300000000000002	20.22
2.045	20.22
2.045	20.22
2.045	20.22
