0.005	0.04
0.01	0.02
0.005	0.04
0.005	0.02
0.005	0.02
0.005	0.02
0.0	0.04
0.005	0.04
0.0	0.04
-0.055	0.02
-0.11	0.02
-0.135	0.02
-0.135	0.02
-0.16	0.04
-0.19	0.02
-0.22	0.02
-0.255	0.02
-0.25	0.02
-0.28	0.02
-0.315	0.04
-0.34500000000000003	0.04
-0.375	0.04
-0.405	0.02
-0.405	0.02
-0.44	0.02
-0.47000000000000003	0.04
-0.505	0.04
-0.535	0.02
-0.5650000000000001	0.02
-0.5650000000000001	0.02
-0.595	0.04
-0.63	0.02
-0.66	0.02
-0.6950000000000001	0.02
-0.6900000000000001	0.02
-0.725	0.02
-0.755	0.02
-0.79	0.02
-0.8200000000000001	0.02
-0.85	0.04
-0.85	0.02
-0.885	0.02
-0.915	0.02
-0.9500000000000001	0.02
-0.98	0.02
-1.01	0.02
-1.01	0.04
-1.045	0.02
-1.075	0.04
-1.105	0.02
-1.1400000000000001	0.02
-1.1400000000000001	0.04
-1.17	0.02
-1.195	0.02
-1.225	0.04
-1.2550000000000001	0.02
-1.29	0.04
-1.29	0.04
-1.32	0.02
-1.355	0.04
-1.385	0.02
-1.42	0.02
-1.45	0.02
-1.45	0.02
-1.48	0.04
-1.51	0.04
-1.545	0.02
-1.58	0.02
-1.575	0.04
-1.61	0.02
-1.6400000000000001	0.02
-1.67	0.02
-1.705	0.04
-1.735	0.02
-1.735	0.04
-1.77	0.04
-1.8	0.02
-1.835	0.02
-1.87	0.04
-1.9000000000000001	0.02
-1.8900000000000001	0.02
-1.93	0.02
-1.96	0.02
-1.995	0.02
-2.025	0.02
-2.025	0.02
-2.055	0.04
-2.09	0.04
-2.12	0.04
-2.15	0.02
-2.185	0.02
-2.185	0.02
-2.22	0.02
-2.25	0.02
-2.2800000000000002	0.02
-2.31	0.04
-2.35	0.02
-2.345	0.04
-2.375	0.02
-2.41	0.02
-2.44	0.02
-2.475	0.02
-2.475	0.02
-2.5	0.02
-2.535	0.02
-2.565	0.02
-2.595	0.0
-2.625	-0.02
-2.625	-0.02
-2.6550000000000002	-0.04
-2.685	-0.06
-2.715	-0.12
-2.745	-0.14
-2.775	-0.2
-2.77	-0.2
-2.8000000000000003	-0.24
-2.83	-0.28
-2.855	-0.34
-2.8850000000000002	-0.4
-2.8850000000000002	-0.42
-2.9050000000000002	-0.48
-2.935	-0.56
-2.96	-0.62
-2.985	-0.7000000000000001
-3.0100000000000002	-0.8
-3.0100000000000002	-0.8
-3.035	-0.88
-3.06	-0.98
-3.085	-1.06
-3.11	-1.18
-3.13	-1.28
-3.13	-1.3
-3.1550000000000002	-1.4000000000000001
-3.1750000000000003	-1.5
-3.2	-1.62
-3.225	-1.76
-3.225	-1.74
-3.245	-1.8800000000000001
-3.265	-2.0
-3.285	-2.14
-3.305	-2.2800000000000002
-3.33	-2.42
-3.33	-2.42
-3.35	-2.56
-3.37	-2.7
-3.39	-2.84
-3.41	-2.98
-3.43	-3.14
-3.43	-3.14
-3.45	-3.3000000000000003
-3.47	-3.46
-3.49	-3.62
-3.505	-3.8000000000000003
-3.5100000000000002	-3.7800000000000002
-3.525	-3.94
-3.545	-4.12
-3.565	-4.3
-3.585	-4.46
-3.6	-4.64
-3.6	-4.64
-3.62	-4.8
-3.6350000000000002	-4.98
-3.6550000000000002	-5.16
-3.67	-5.36
-3.69	-5.5200000000000005
-3.69	-5.5200000000000005
-3.705	-5.7
-3.725	-5.9
-3.74	-6.08
-3.7600000000000002	-6.28
-3.755	-6.28
-3.775	-6.46
-3.79	-6.66
-3.81	-6.86
-3.825	-7.0600000000000005
-3.84	-7.26
-3.84	-7.26
-3.86	-7.46
-3.875	-7.66
-3.89	-7.86
-3.9050000000000002	-8.06
-3.92	-8.26
-3.92	-8.26
-3.935	-8.48
-3.95	-8.68
-3.9650000000000003	-8.88
-3.98	-9.08
-3.98	-9.08
-4.0	-9.3
-4.015	-9.52
-4.03	-9.72
-4.045	-9.94
-4.0600000000000005	-10.16
-4.0600000000000005	-10.16
-4.075	-10.38
-4.09	-10.58
-4.105	-10.8
-4.12	-11.02
-4.135	-11.26
-4.135	-11.24
-4.15	-11.46
-4.165	-11.68
-4.175	-11.9
-4.19	-12.14
-4.19	-12.14
-4.205	-12.34
-4.22	-12.58
-4.235	-12.8
-4.245	-13.040000000000001
-4.265	-13.26
-4.26	-13.24
-4.275	-13.48
-4.29	-13.72
-4.305	-13.98
-4.32	-14.18
-4.335	-14.42
-4.335	-14.42
-4.3500000000000005	-14.64
-4.36	-14.9
-4.375	-15.120000000000001
-4.39	-15.36
-4.385	-15.36
-4.4	-15.58
-4.415	-15.82
-4.425	-16.06
-4.44	-16.28
-4.45	-16.52
-4.455	-16.52
-4.47	-16.78
-4.48	-17.0
-4.495	-17.26
-4.505	-17.5
-4.5200000000000005	-17.740000000000002
-4.5200000000000005	-17.76
-4.53	-17.98
-4.545	-18.22
-4.555	-18.46
-4.57	-18.72
-4.57	-18.7
-4.58	-18.96
-4.595	-19.18
-4.61	-19.44
-4.62	-19.68
-4.63	-19.92
-4.63	-19.92
-4.6450000000000005	-20.16
-4.66	-20.240000000000002
-4.67	-20.240000000000002
-4.68	-20.240000000000002
-4.695	-20.240000000000002
-4.695	-20.240000000000002
-4.705	-20.240000000000002
-4.72	-20.240000000000002
-4.73	-20.240000000000002
-4.745	-20.240000000000002
-4.74	-20.240000000000002
