0.005	0.02
0.005	0.02
0.005	0.02
0.0	0.02
0.005	0.04
0.005	0.04
0.005	0.02
0.005	0.02
0.005	0.04
0.005	0.02
-0.045	0.02
-0.11	0.02
-0.11	0.02
-0.135	0.02
-0.16	0.02
-0.19	0.02
-0.19	0.02
-0.22	0.04
-0.245	0.04
-0.28	0.02
-0.28	0.02
-0.31	0.0
-0.34500000000000003	0.04
-0.37	0.02
-0.375	0.02
-0.405	0.02
-0.44	0.02
-0.47000000000000003	0.02
-0.47000000000000003	0.02
-0.5	0.02
-0.53	0.02
-0.56	0.04
-0.5650000000000001	0.04
-0.595	0.02
-0.625	0.02
-0.66	0.02
-0.66	0.04
-0.6950000000000001	0.02
-0.725	0.04
-0.755	0.02
-0.755	0.04
-0.785	0.04
-0.8200000000000001	0.04
-0.85	0.02
-0.85	0.02
-0.88	0.02
-0.915	0.02
-0.9450000000000001	0.02
-0.9450000000000001	0.02
-0.975	0.02
-1.01	0.02
-1.01	0.02
-1.045	0.02
-1.075	0.02
-1.105	0.02
-1.105	0.02
-1.135	0.02
-1.165	0.02
-1.19	0.02
-1.19	0.04
-1.225	0.02
-1.2550000000000001	0.02
-1.285	0.02
-1.29	0.04
-1.32	0.04
-1.35	0.04
-1.3800000000000001	0.02
-1.385	0.04
-1.415	0.02
-1.445	0.02
-1.48	0.02
-1.48	0.02
-1.51	0.02
-1.54	0.02
-1.57	0.0
-1.57	0.0
-1.605	0.0
-1.635	-0.02
-1.67	-0.02
-1.665	-0.02
-1.7	-0.02
-1.73	-0.04
-1.76	-0.06
-1.76	-0.06
-1.79	-0.06
-1.825	-0.08
-1.855	-0.12
-1.855	-0.1
-1.8800000000000001	-0.14
-1.9100000000000001	-0.16
-1.94	-0.2
-1.945	-0.18
-1.97	-0.22
-2.0	-0.24
-2.0300000000000002	-0.3
-2.0300000000000002	-0.3
-2.055	-0.32
-2.08	-0.4
-2.11	-0.44
-2.11	-0.44
-2.14	-0.48
-2.165	-0.56
-2.165	-0.54
-2.19	-0.62
-2.215	-0.7000000000000001
-2.24	-0.78
-2.245	-0.78
-2.265	-0.86
-2.29	-0.9400000000000001
-2.315	-1.04
-2.32	-1.04
-2.345	-1.12
-2.365	-1.24
-2.39	-1.34
-2.39	-1.34
-2.41	-1.44
-2.435	-1.58
-2.455	-1.68
-2.455	-1.7
-2.475	-1.8
-2.5	-1.94
-2.52	-2.08
-2.515	-2.08
-2.54	-2.24
-2.56	-2.38
-2.58	-2.52
-2.58	-2.52
-2.6	-2.68
-2.62	-2.84
-2.64	-3.0
-2.64	-3.0
-2.66	-3.14
-2.68	-3.3000000000000003
-2.7	-3.46
-2.7	-3.46
-2.72	-3.58
-2.74	-3.74
-2.7600000000000002	-3.88
-2.765	-3.88
-2.785	-4.0200000000000005
-2.805	-4.16
-2.825	-4.3
-2.825	-4.3
-2.845	-4.44
-2.865	-4.58
-2.89	-4.72
-2.89	-4.72
-2.91	-4.86
-2.93	-5.0
-2.95	-5.16
-2.95	-5.14
-2.975	-5.28
-2.99	-5.44
-2.99	-5.42
-3.015	-5.58
-3.035	-5.72
-3.055	-5.88
-3.055	-5.88
-3.075	-6.04
-3.095	-6.18
-3.115	-6.34
-3.115	-6.34
-3.1350000000000002	-6.48
-3.1550000000000002	-6.640000000000001
-3.1750000000000003	-6.8
-3.17	-6.82
-3.1950000000000003	-6.96
-3.215	-7.12
-3.23	-7.3
-3.23	-7.28
-3.25	-7.48
-3.275	-7.640000000000001
-3.29	-7.8
-3.29	-7.8
-3.305	-7.96
-3.325	-8.14
-3.345	-8.32
-3.345	-8.32
-3.365	-8.48
-3.38	-8.66
-3.4	-8.84
-3.4	-8.84
-3.415	-9.02
-3.435	-9.22
-3.455	-9.38
-3.45	-9.38
-3.47	-9.58
-3.485	-9.76
-3.505	-9.94
-3.505	-9.94
-3.52	-10.14
-3.54	-10.32
-3.555	-10.52
-3.555	-10.52
-3.5700000000000003	-10.72
-3.585	-10.92
-3.605	-11.1
-3.605	-11.1
-3.625	-11.32
-3.6350000000000002	-11.5
-3.6550000000000002	-11.72
-3.6550000000000002	-11.68
-3.67	-11.92
-3.685	-12.1
-3.685	-12.120000000000001
-3.7	-12.32
-3.715	-12.52
-3.73	-12.72
-3.73	-12.72
-3.75	-12.94
-3.765	-13.14
-3.7800000000000002	-13.36
-3.7800000000000002	-13.36
-3.795	-13.58
-3.815	-13.8
-3.825	-14.0
-3.825	-14.0
-3.84	-14.22
-3.855	-14.42
-3.87	-14.66
-3.87	-14.64
-3.8850000000000002	-14.86
-3.9	-15.08
-3.915	-15.3
-3.915	-15.3
-3.93	-15.52
-3.9450000000000003	-15.74
-3.96	-15.96
-3.96	-15.96
-3.97	-16.18
-3.99	-16.42
-4.0	-16.64
-4.0	-16.64
-4.015	-16.86
-4.03	-17.080000000000002
-4.045	-17.34
-4.045	-17.34
-4.0600000000000005	-17.56
-4.07	-17.78
-4.09	-18.02
-4.09	-18.02
-4.1	-18.240000000000002
-4.115	-18.46
-4.13	-18.7
-4.13	-18.7
-4.14	-18.94
-4.155	-19.18
-4.17	-19.400000000000002
-4.17	-19.400000000000002
-4.18	-19.62
-4.195	-19.88
-4.21	-20.1
-4.21	-20.12
-4.225	-20.240000000000002
-4.235	-20.240000000000002
-4.235	-20.240000000000002
