0.01	0.02
0.21	0.02
0.42	0.02
0.62	0.02
0.8200000000000001	0.02
1.02	0.02
1.22	0.02
1.42	0.02
1.62	0.02
1.82	0.04
2.02	0.02
2.22	0.02
2.42	0.02
2.62	0.02
2.82	0.02
3.02	0.02
3.22	0.04
3.43	0.04
3.63	0.06
3.8200000000000003	0.06
4.01	0.3
4.2	0.3
4.39	0.34
4.5600000000000005	0.38
4.7700000000000005	0.4
5.03	0.4
5.23	0.54
5.3100000000000005	0.7000000000000001
5.61	0.9
5.78	1.06
6.03	1.42
6.140000000000001	1.5
6.41	2.02
6.53	2.34
6.74	2.82
6.95	3.42
7.15	4.08
7.36	4.82
7.58	5.76
7.7700000000000005	6.640000000000001
7.98	7.74
8.17	8.94
8.38	10.3
8.59	11.88
8.8	13.64
9.03	15.700000000000001
9.24	17.900000000000002
9.44	20.080000000000002
9.64	20.22
