0.01	0.02
0.005	0.04
0.005	0.02
0.01	0.04
0.01	0.02
0.005	0.02
0.005	0.02
0.01	0.02
0.005	0.02
0.005	0.02
0.01	0.02
0.01	0.04
0.01	0.06
0.05	0.58
0.05	0.56
0.085	0.96
0.085	0.96
0.085	0.98
0.11	1.2
0.105	1.2
0.12	1.36
0.12	1.36
0.135	1.52
0.135	1.52
0.15	1.7
0.15	1.7
0.165	1.86
0.165	1.8800000000000001
0.18	2.04
0.18	2.04
0.195	2.22
0.195	2.22
0.21	2.4
0.21	2.38
0.21	2.38
0.225	2.58
0.225	2.58
0.245	2.7600000000000002
0.245	2.7600000000000002
0.255	2.96
0.255	2.94
0.275	3.14
0.275	3.14
0.29	3.34
0.29	3.3200000000000003
0.305	3.52
0.305	3.52
0.32	3.7
0.325	3.7
0.34	3.88
0.34	3.86
0.335	3.88
0.355	4.0600000000000005
0.355	4.0600000000000005
0.37	4.24
0.375	4.24
0.39	4.44
0.39	4.44
0.405	4.62
0.405	4.62
0.425	4.82
0.42	4.82
0.435	5.0
0.44	5.0
0.455	5.18
0.455	5.18
0.47000000000000003	5.36
0.47000000000000003	5.36
0.47000000000000003	5.36
0.49	5.5600000000000005
0.49	5.54
0.505	5.74
0.505	5.74
0.525	5.94
0.525	5.94
0.54	6.12
0.54	6.1000000000000005
0.555	6.3
0.555	6.3
0.5750000000000001	6.48
0.5750000000000001	6.5
0.585	6.66
0.59	6.68
0.605	6.84
0.605	6.84
0.605	6.84
0.625	7.0200000000000005
0.62	7.04
0.64	7.2
0.64	7.2
0.655	7.38
0.655	7.38
0.67	7.54
0.67	7.54
0.685	7.74
0.6900000000000001	7.74
0.705	7.9
0.705	7.9
0.72	8.08
0.72	8.08
0.74	8.26
0.735	8.26
0.735	8.26
0.755	8.46
0.755	8.46
0.77	8.620000000000001
0.77	8.64
0.79	8.82
0.79	8.82
0.805	9.0
0.805	9.0
0.8250000000000001	9.18
0.8200000000000001	9.18
0.84	9.36
0.84	9.38
0.855	9.56
0.855	9.56
0.875	9.72
0.875	9.72
0.875	9.72
0.89	9.9
0.89	9.9
0.905	10.08
0.905	10.08
0.925	10.28
0.925	10.26
0.9400000000000001	10.44
0.9400000000000001	10.44
0.96	10.620000000000001
0.96	10.620000000000001
0.98	10.8
0.98	10.78
0.995	10.98
0.995	10.98
1.0150000000000001	11.14
1.01	11.14
1.01	11.16
1.03	11.34
1.03	11.34
1.045	11.5
1.045	11.52
1.065	11.700000000000001
1.065	11.700000000000001
1.08	11.88
1.08	11.88
1.1	12.06
1.1	12.06
1.115	12.24
1.12	12.24
1.135	12.4
1.135	12.42
1.1500000000000001	12.58
1.1500000000000001	12.58
1.1500000000000001	12.58
1.17	12.780000000000001
1.17	12.76
1.185	12.94
1.19	12.94
1.205	13.1
1.205	13.120000000000001
1.22	13.3
1.22	13.3
1.24	13.48
1.24	13.48
1.2550000000000001	13.64
1.2550000000000001	13.64
1.2750000000000001	13.84
1.2750000000000001	13.82
1.29	14.0
1.29	13.98
1.29	13.98
1.31	14.18
1.305	14.18
1.325	14.34
1.325	14.36
1.345	14.540000000000001
1.345	14.540000000000001
1.36	14.700000000000001
1.36	14.72
1.375	14.88
1.3800000000000001	14.88
1.395	15.040000000000001
1.395	15.06
1.415	15.22
1.415	15.24
1.435	15.4
1.43	15.38
1.43	15.4
1.45	15.58
1.45	15.58
1.465	15.74
1.465	15.72
1.485	15.92
1.485	15.92
1.5	16.080000000000002
1.5050000000000001	16.080000000000002
1.52	16.26
1.5150000000000001	16.26
1.5350000000000001	16.42
1.5350000000000001	16.44
1.555	16.62
1.555	16.62
1.57	16.78
1.575	16.78
1.57	16.78
1.59	16.96
1.585	16.96
1.61	17.12
1.61	17.14
1.625	17.3
1.625	17.3
1.645	17.48
1.645	17.48
1.665	17.66
1.6600000000000001	17.64
1.68	17.82
1.68	17.82
1.695	18.0
1.7	17.98
1.715	18.16
1.715	18.16
1.715	18.16
1.735	18.34
1.735	18.34
1.75	18.5
1.75	18.5
1.77	18.68
1.77	18.68
1.7850000000000001	18.84
1.7850000000000001	18.84
1.805	19.02
1.805	19.02
1.825	19.18
1.82	19.18
1.84	19.34
1.84	19.36
1.86	19.52
1.855	19.52
1.855	19.5
1.875	19.68
1.875	19.68
1.895	19.86
1.8900000000000001	19.86
1.9100000000000001	20.02
1.9100000000000001	20.02
1.925	20.2
1.925	20.18
1.945	20.22
1.945	20.22
1.965	20.22
1.965	20.22
1.98	20.22
1.98	20.22
2.0	20.22
1.995	20.22
1.995	20.22
