0.005	0.02
0.005	0.04
0.005	0.02
0.005	0.02
0.005	0.02
0.005	0.02
0.005	0.02
0.005	0.04
0.0	0.02
-0.05	0.02
-0.11	0.04
-0.135	0.04
-0.135	0.02
-0.16	0.02
-0.19	0.02
-0.22	0.04
-0.25	0.02
-0.25	0.02
-0.28500000000000003	0.02
-0.315	0.02
-0.34	0.02
-0.375	0.04
-0.405	0.04
-0.405	0.04
-0.435	0.02
-0.47000000000000003	0.04
-0.5	0.02
-0.535	0.02
-0.5650000000000001	0.04
-0.5650000000000001	0.02
-0.595	0.02
-0.625	0.04
-0.66	0.02
-0.6900000000000001	0.04
-0.6900000000000001	0.04
-0.72	0.04
-0.755	0.02
-0.78	0.04
-0.8200000000000001	0.02
-0.85	0.04
-0.85	0.02
-0.885	0.02
-0.915	0.02
-0.9450000000000001	0.02
-0.98	0.04
-1.01	0.04
-1.01	0.02
-1.045	0.0
-1.075	0.02
-1.105	0.04
-1.135	0.02
-1.135	0.02
-1.165	0.04
-1.195	0.02
-1.225	0.02
-1.2550000000000001	0.02
-1.29	0.02
-1.285	0.02
-1.32	0.04
-1.35	0.02
-1.385	0.02
-1.415	0.02
-1.445	0.02
-1.45	0.02
-1.48	0.04
-1.51	0.04
-1.545	0.02
-1.575	0.02
-1.575	0.04
-1.605	0.04
-1.6400000000000001	0.02
-1.67	0.02
-1.705	0.02
-1.735	0.04
-1.735	0.02
-1.77	0.02
-1.8	0.02
-1.835	0.02
-1.865	0.02
-1.9000000000000001	0.02
-1.9000000000000001	0.02
-1.93	0.02
-1.96	0.04
-1.99	0.02
-2.025	0.04
-2.0300000000000002	0.02
-2.055	0.02
-2.085	0.04
-2.12	0.04
-2.15	0.02
-2.18	0.02
-2.185	0.06
-2.21	0.04
-2.245	0.02
-2.2800000000000002	0.02
-2.31	0.02
-2.345	0.02
-2.345	0.04
-2.375	0.02
-2.4050000000000002	0.04
-2.44	0.02
-2.47	0.02
-2.47	0.02
-2.505	0.02
-2.535	0.02
-2.565	0.02
-2.595	0.0
-2.625	-0.02
-2.625	-0.02
-2.6550000000000002	-0.04
-2.685	-0.06
-2.715	-0.1
-2.745	-0.14
-2.77	-0.18
-2.775	-0.2
-2.8000000000000003	-0.24
-2.83	-0.3
-2.855	-0.34
-2.8850000000000002	-0.4
-2.8850000000000002	-0.42
-2.9050000000000002	-0.48
-2.935	-0.56
-2.96	-0.62
-2.985	-0.72
-3.0100000000000002	-0.8
-3.0100000000000002	-0.8
-3.035	-0.88
-3.06	-0.98
-3.085	-1.08
-3.105	-1.18
-3.13	-1.3
-3.1350000000000002	-1.3
-3.1550000000000002	-1.42
-3.18	-1.52
-3.2	-1.6400000000000001
-3.225	-1.76
-3.225	-1.78
-3.245	-1.8800000000000001
-3.265	-2.02
-3.29	-2.14
-3.31	-2.2800000000000002
-3.33	-2.42
-3.335	-2.42
-3.35	-2.58
-3.37	-2.72
-3.395	-2.86
-3.41	-3.02
-3.43	-3.14
-3.43	-3.16
-3.45	-3.34
-3.475	-3.48
-3.49	-3.64
-3.5100000000000002	-3.8200000000000003
-3.5100000000000002	-3.8200000000000003
-3.5300000000000002	-4.0
-3.5500000000000003	-4.16
-3.5700000000000003	-4.32
-3.585	-4.5
-3.605	-4.66
-3.605	-4.68
-3.625	-4.86
-3.64	-5.0200000000000005
-3.66	-5.22
-3.6750000000000003	-5.4
-3.6950000000000003	-5.58
-3.69	-5.58
-3.71	-5.78
-3.73	-5.96
-3.745	-6.140000000000001
-3.765	-6.34
-3.765	-6.34
-3.7800000000000002	-6.54
-3.795	-6.74
-3.81	-6.94
-3.83	-7.140000000000001
-3.845	-7.32
-3.845	-7.32
-3.86	-7.54
-3.875	-7.72
-3.895	-7.94
-3.91	-8.14
-3.93	-8.36
-3.9250000000000003	-8.36
-3.9450000000000003	-8.56
-3.96	-8.78
-3.975	-8.98
-3.99	-9.200000000000001
-3.99	-9.200000000000001
-4.005	-9.4
-4.0200000000000005	-9.620000000000001
-4.035	-9.84
-4.055	-10.06
-4.065	-10.28
-4.07	-10.28
-4.08	-10.5
-4.095	-10.72
-4.11	-10.94
-4.125	-11.16
-4.14	-11.38
-4.14	-11.38
-4.16	-11.6
-4.17	-11.82
-4.1850000000000005	-12.06
-4.2	-12.280000000000001
-4.2	-12.280000000000001
-4.215	-12.5
-4.225	-12.74
-4.245	-12.96
-4.255	-13.18
-4.2700000000000005	-13.42
-4.2700000000000005	-13.42
-4.285	-13.66
-4.3	-13.9
-4.315	-14.14
-4.33	-14.36
-4.345	-14.6
-4.34	-14.6
-4.355	-14.84
-4.37	-15.08
-4.38	-15.3
-4.3950000000000005	-15.540000000000001
-4.3950000000000005	-15.540000000000001
-4.41	-15.780000000000001
-4.425	-16.02
-4.4350000000000005	-16.26
-4.45	-16.52
-4.46	-16.740000000000002
-4.465	-16.740000000000002
-4.4750000000000005	-17.0
-4.49	-17.240000000000002
-4.505	-17.48
-4.515	-17.72
-4.53	-17.98
-4.53	-17.98
-4.54	-18.22
-4.555	-18.46
-4.57	-18.72
-4.58	-18.96
-4.58	-18.96
-4.595	-19.2
-4.605	-19.46
-4.62	-19.7
-4.635	-19.94
-4.6450000000000005	-20.2
-4.6450000000000005	-20.2
-4.655	-20.240000000000002
-4.67	-20.240000000000002
-4.6850000000000005	-20.240000000000002
-4.695	-20.240000000000002
-4.705	-20.240000000000002
-4.705	-20.240000000000002
-4.72	-20.240000000000002
-4.735	-20.240000000000002
-4.745	-20.240000000000002
-4.76	-20.240000000000002
-4.755	-20.240000000000002
