0.002	0.02
0.002	0.04
0.002	0.02
0.002	0.02
0.002	0.02
0.002	0.02
0.002	0.02
0.002	0.02
0.002	0.02
0.002	0.02
0.002	0.02
0.004	0.04
0.004	0.04
0.046	0.56
0.046	0.56
0.082	0.96
0.082	0.96
0.082	0.98
0.10400000000000001	1.2
0.10400000000000001	1.2
0.11800000000000001	1.36
0.11800000000000001	1.36
0.132	1.54
0.132	1.54
0.146	1.7
0.146	1.7
0.16	1.8800000000000001
0.16	1.86
0.176	2.06
0.17400000000000002	2.04
0.192	2.22
0.192	2.22
0.20600000000000002	2.4
0.20600000000000002	2.38
0.20600000000000002	2.4
0.222	2.58
0.222	2.58
0.23800000000000002	2.7800000000000002
0.23800000000000002	2.7800000000000002
0.256	2.96
0.256	2.96
0.272	3.14
0.272	3.14
0.28800000000000003	3.34
0.28800000000000003	3.34
0.304	3.52
0.304	3.52
0.322	3.7
0.32	3.7
0.336	3.88
0.336	3.88
0.336	3.88
0.354	4.08
0.354	4.08
0.37	4.26
0.37	4.26
0.386	4.44
0.388	4.44
0.404	4.62
0.402	4.62
0.42	4.8
0.42	4.82
0.436	5.0
0.436	5.0
0.452	5.18
0.454	5.18
0.47000000000000003	5.36
0.47000000000000003	5.36
0.47000000000000003	5.36
0.486	5.54
0.486	5.5600000000000005
0.504	5.74
0.504	5.74
0.52	5.94
0.522	5.94
0.538	6.12
0.538	6.12
0.556	6.3
0.556	6.3
0.5720000000000001	6.5
0.5700000000000001	6.5
0.588	6.7
0.59	6.68
0.604	6.84
0.604	6.84
0.604	6.84
0.622	7.04
0.622	7.04
0.638	7.2
0.638	7.2
0.654	7.4
0.654	7.4
0.67	7.5600000000000005
0.67	7.5600000000000005
0.686	7.74
0.6880000000000001	7.74
0.704	7.92
0.704	7.92
0.72	8.1
0.72	8.1
0.738	8.28
0.738	8.28
0.736	8.28
0.756	8.46
0.754	8.46
0.774	8.64
0.772	8.64
0.79	8.84
0.79	8.84
0.806	9.0
0.808	9.02
0.8260000000000001	9.200000000000001
0.8260000000000001	9.200000000000001
0.842	9.38
0.842	9.38
0.86	9.58
0.858	9.56
0.874	9.72
0.874	9.72
0.874	9.72
0.892	9.92
0.894	9.92
0.91	10.1
0.91	10.1
0.928	10.28
0.928	10.28
0.9440000000000001	10.46
0.9440000000000001	10.44
0.962	10.64
0.964	10.64
0.98	10.82
0.98	10.8
0.998	10.98
0.998	11.0
1.014	11.16
1.014	11.16
1.014	11.16
1.032	11.36
1.032	11.34
1.05	11.540000000000001
1.05	11.540000000000001
1.066	11.72
1.066	11.700000000000001
1.084	11.9
1.084	11.9
1.102	12.08
1.102	12.08
1.12	12.24
1.12	12.26
1.1400000000000001	12.42
1.1380000000000001	12.42
1.154	12.6
1.154	12.6
1.154	12.6
1.172	12.780000000000001
1.172	12.780000000000001
1.19	12.96
1.19	12.96
1.208	13.14
1.208	13.14
1.224	13.32
1.226	13.32
1.244	13.5
1.244	13.5
1.26	13.68
1.26	13.68
1.278	13.84
1.28	13.84
1.296	14.02
1.296	14.02
1.296	14.02
1.314	14.200000000000001
1.314	14.18
1.332	14.36
1.332	14.38
1.35	14.56
1.35	14.56
1.368	14.72
1.368	14.72
1.3860000000000001	14.9
1.3840000000000001	14.9
1.4020000000000001	15.08
1.4020000000000001	15.08
1.422	15.24
1.422	15.26
1.438	15.42
1.436	15.4
1.438	15.42
1.456	15.6
1.456	15.58
1.474	15.76
1.474	15.780000000000001
1.492	15.94
1.492	15.94
1.508	16.12
1.51	16.12
1.528	16.28
1.528	16.3
1.546	16.46
1.546	16.46
1.564	16.64
1.564	16.64
1.58	16.8
1.58	16.8
1.58	16.8
1.6	16.98
1.6	17.0
1.616	17.14
1.616	17.16
1.6360000000000001	17.34
1.6360000000000001	17.32
1.6540000000000001	17.5
1.6540000000000001	17.5
1.672	17.68
1.672	17.66
1.69	17.84
1.69	17.84
1.708	18.02
1.706	18.02
1.724	18.18
1.724	18.18
1.724	18.18
1.744	18.36
1.744	18.36
1.762	18.52
1.76	18.52
1.78	18.7
1.78	18.7
1.796	18.88
1.796	18.88
1.816	19.04
1.814	19.04
1.832	19.22
1.832	19.22
1.85	19.400000000000002
1.852	19.38
1.868	19.54
1.868	19.56
1.868	19.56
1.8860000000000001	19.740000000000002
1.8880000000000001	19.72
1.9060000000000001	19.900000000000002
1.9060000000000001	19.900000000000002
1.924	20.080000000000002
1.924	20.080000000000002
1.94	20.22
1.942	20.22
1.96	20.22
1.96	20.22
1.978	20.22
1.978	20.22
1.996	20.22
1.996	20.22
2.012	20.22
2.0100000000000002	20.22
2.012	20.22
