0.005	0.04
0.005	0.02
0.005	0.04
0.005	0.04
0.005	0.02
0.005	0.04
0.005	0.04
0.0	0.04
0.0	0.02
0.0	0.02
-0.05	0.02
-0.11	0.02
-0.11	0.02
-0.135	0.02
-0.165	0.04
-0.19	0.04
-0.19	0.04
-0.22	0.02
-0.25	0.04
-0.28	0.04
-0.28	0.02
-0.315	0.04
-0.34500000000000003	0.02
-0.375	0.04
-0.375	0.02
-0.405	0.04
-0.435	0.02
-0.47000000000000003	0.04
-0.47000000000000003	0.04
-0.5	0.04
-0.53	0.02
-0.5650000000000001	0.04
-0.5650000000000001	0.02
-0.595	0.04
-0.625	0.02
-0.66	0.04
-0.66	0.02
-0.6950000000000001	0.02
-0.725	0.02
-0.755	0.04
-0.755	0.04
-0.785	0.04
-0.8200000000000001	0.02
-0.85	0.02
-0.85	0.04
-0.885	0.02
-0.915	0.04
-0.9450000000000001	0.04
-0.9450000000000001	0.02
-0.98	0.02
-1.01	0.02
-1.01	0.04
-1.045	0.04
-1.075	0.04
-1.105	0.04
-1.105	0.04
-1.135	0.04
-1.165	0.02
-1.195	0.04
-1.195	0.02
-1.22	0.02
-1.2550000000000001	0.04
-1.29	0.02
-1.29	0.02
-1.32	0.04
-1.355	0.02
-1.385	0.02
-1.385	0.02
-1.42	0.02
-1.45	0.02
-1.48	0.02
-1.48	0.02
-1.51	0.02
-1.54	0.02
-1.575	0.0
-1.575	0.02
-1.605	0.0
-1.6400000000000001	-0.02
-1.67	0.0
-1.67	0.0
-1.7	-0.02
-1.73	-0.04
-1.76	-0.04
-1.7650000000000001	-0.04
-1.79	-0.06
-1.825	-0.08
-1.85	-0.1
-1.855	-0.1
-1.885	-0.12
-1.9100000000000001	-0.14
-1.94	-0.16
-1.94	-0.18
-1.97	-0.2
-2.0	-0.24
-2.0300000000000002	-0.28
-2.0300000000000002	-0.28
-2.06	-0.32
-2.085	-0.38
-2.11	-0.42
-2.105	-0.42
-2.14	-0.48
-2.165	-0.54
-2.17	-0.54
-2.195	-0.6
-2.22	-0.68
-2.245	-0.76
-2.245	-0.74
-2.27	-0.8200000000000001
-2.295	-0.92
-2.32	-1.0
-2.32	-1.0
-2.345	-1.1
-2.37	-1.22
-2.39	-1.32
-2.3850000000000002	-1.32
-2.415	-1.42
-2.44	-1.54
-2.46	-1.6600000000000001
-2.46	-1.6600000000000001
-2.475	-1.78
-2.5	-1.92
-2.52	-2.06
-2.52	-2.04
-2.54	-2.2
-2.565	-2.34
-2.585	-2.48
-2.58	-2.48
-2.6	-2.64
-2.62	-2.8000000000000003
-2.64	-2.96
-2.64	-2.96
-2.665	-3.1
-2.68	-3.2600000000000002
-2.7	-3.4
-2.7	-3.4
-2.725	-3.54
-2.745	-3.68
-2.765	-3.84
-2.765	-3.84
-2.785	-3.96
-2.805	-4.1
-2.825	-4.24
-2.825	-4.24
-2.845	-4.38
-2.87	-4.5200000000000005
-2.89	-4.66
-2.89	-4.66
-2.91	-4.8
-2.93	-4.96
-2.955	-5.1000000000000005
-2.95	-5.08
-2.97	-5.22
-2.995	-5.38
-2.995	-5.38
-3.02	-5.5200000000000005
-3.035	-5.66
-3.055	-5.82
-3.055	-5.8
-3.075	-5.96
-3.095	-6.12
-3.115	-6.26
-3.115	-6.26
-3.1350000000000002	-6.42
-3.1550000000000002	-6.58
-3.1750000000000003	-6.72
-3.1750000000000003	-6.74
-3.1950000000000003	-6.9
-3.21	-7.04
-3.235	-7.22
-3.23	-7.2
-3.25	-7.38
-3.275	-7.5600000000000005
-3.29	-7.72
-3.29	-7.72
-3.305	-7.88
-3.325	-8.06
-3.345	-8.24
-3.345	-8.22
-3.365	-8.4
-3.38	-8.58
-3.4	-8.76
-3.4	-8.76
-3.415	-8.94
-3.43	-9.1
-3.45	-9.28
-3.45	-9.28
-3.47	-9.46
-3.485	-9.66
-3.5	-9.84
-3.5	-9.84
-3.52	-10.02
-3.535	-10.22
-3.5500000000000003	-10.42
-3.555	-10.42
-3.5700000000000003	-10.6
-3.585	-10.8
-3.6	-11.0
-3.6	-10.98
-3.625	-11.18
-3.6350000000000002	-11.38
-3.6550000000000002	-11.58
-3.65	-11.58
-3.67	-11.8
-3.685	-11.98
-3.685	-11.98
-3.7	-12.18
-3.72	-12.38
-3.73	-12.6
-3.735	-12.6
-3.75	-12.8
-3.765	-13.0
-3.7800000000000002	-13.22
-3.7800000000000002	-13.22
-3.795	-13.44
-3.81	-13.66
-3.825	-13.86
-3.825	-13.86
-3.84	-14.06
-3.855	-14.280000000000001
-3.87	-14.5
-3.87	-14.5
-3.8850000000000002	-14.700000000000001
-3.9	-14.92
-3.915	-15.14
-3.915	-15.16
-3.9250000000000003	-15.36
-3.94	-15.58
-3.96	-15.8
-3.955	-15.780000000000001
-3.97	-16.0
-3.99	-16.22
-4.0	-16.46
-4.0	-16.44
-4.015	-16.68
-4.03	-16.9
-4.045	-17.14
-4.045	-17.14
-4.0600000000000005	-17.34
-4.075	-17.580000000000002
-4.085	-17.8
-4.085	-17.8
-4.1	-18.04
-4.11	-18.26
-4.125	-18.48
-4.125	-18.48
-4.14	-18.72
-4.15	-18.96
-4.165	-19.18
-4.165	-19.16
-4.18	-19.400000000000002
-4.195	-19.64
-4.205	-19.86
-4.21	-19.88
-4.22	-20.1
-4.235	-20.240000000000002
-4.23	-20.240000000000002
