0.01	0.02
0.22	0.02
0.42	0.02
0.62	0.02
0.8200000000000001	0.02
1.02	0.02
1.22	0.02
1.42	0.02
1.62	0.02
1.82	0.02
2.02	0.02
2.22	0.04
2.42	0.02
2.62	0.02
2.82	0.04
3.02	0.04
3.22	0.04
3.42	0.04
3.62	0.06
3.8200000000000003	0.06
4.0200000000000005	0.24
4.21	0.28
4.4	0.3
4.58	0.38
4.78	0.42
5.03	0.42
5.23	0.54
5.33	0.7000000000000001
5.53	0.86
5.83	1.1400000000000001
6.03	1.42
6.18	1.6600000000000001
6.3500000000000005	1.94
6.53	2.36
6.74	2.84
6.95	3.44
7.16	4.1
7.36	4.86
7.59	5.76
7.7700000000000005	6.66
7.98	7.82
8.18	8.94
8.39	10.32
8.59	11.88
8.8	13.68
9.03	15.72
9.24	17.92
9.44	20.12
9.64	20.22
