0.01	0.02
0.21	0.04
0.42	0.02
0.62	0.04
0.8200000000000001	0.02
1.02	0.04
1.22	0.02
1.42	0.04
1.62	0.02
1.82	0.02
2.02	0.04
2.22	0.02
2.42	0.04
2.62	0.04
2.82	0.02
3.02	0.04
3.22	0.04
3.43	0.04
3.62	0.06
3.83	0.08
4.0200000000000005	0.22
4.21	0.26
4.4	0.3
4.59	0.36
4.78	0.4
5.0	0.46
5.23	0.54
5.43	0.7000000000000001
5.63	0.9
5.83	1.12
6.03	1.4000000000000001
6.23	1.74
6.43	2.12
6.61	2.48
6.73	2.82
6.93	3.38
7.13	4.0200000000000005
7.3500000000000005	4.86
7.5600000000000005	5.72
7.76	6.7
7.98	7.84
8.17	9.040000000000001
8.39	10.5
8.6	12.14
8.82	14.040000000000001
9.040000000000001	16.080000000000002
9.24	18.12
9.44	20.22
9.64	20.22
