0.005	0.02
0.005	0.02
0.005	0.02
0.005	0.02
0.005	0.02
0.005	0.02
0.005	0.02
0.005	0.04
0.0	0.02
-0.06	0.02
-0.065	0.02
-0.11	0.02
-0.135	0.04
-0.165	0.02
-0.165	0.02
-0.19	0.02
-0.225	0.02
-0.25	0.02
-0.28500000000000003	0.04
-0.28500000000000003	0.02
-0.315	0.02
-0.35000000000000003	0.02
-0.38	0.02
-0.41000000000000003	0.02
-0.41000000000000003	0.04
-0.44	0.02
-0.47000000000000003	0.02
-0.505	0.02
-0.505	0.0
-0.535	0.04
-0.5650000000000001	0.02
-0.6	0.02
-0.63	0.02
-0.63	0.02
-0.66	0.02
-0.6950000000000001	0.02
-0.725	0.02
-0.76	0.02
-0.755	0.02
-0.79	0.02
-0.8250000000000001	0.02
-0.855	0.02
-0.855	0.02
-0.885	0.02
-0.915	0.02
-0.9500000000000001	0.02
-0.98	0.02
-0.98	0.02
-1.0150000000000001	0.02
-1.045	0.02
-1.08	0.02
-1.075	0.04
-1.105	0.02
-1.1400000000000001	0.02
-1.17	0.02
-1.195	0.04
-1.195	0.02
-1.225	0.02
-1.26	0.04
-1.295	0.02
-1.325	0.02
-1.325	0.02
-1.355	0.02
-1.3900000000000001	0.02
-1.42	0.02
-1.42	0.02
-1.455	0.02
-1.48	0.02
-1.51	0.02
-1.545	0.02
-1.545	0.02
-1.58	0.04
-1.61	0.02
-1.6400000000000001	0.06
-1.675	0.02
-1.675	0.02
-1.705	0.02
-1.74	0.02
-1.77	0.02
-1.77	0.02
-1.805	0.02
-1.84	0.02
-1.87	0.02
-1.905	0.02
-1.9000000000000001	0.04
-1.93	0.02
-1.965	0.02
-1.995	0.02
-2.0300000000000002	0.02
-2.025	0.02
-2.06	0.02
-2.09	0.02
-2.12	0.02
-2.12	0.02
-2.1550000000000002	0.02
-2.185	0.02
-2.22	0.02
-2.25	0.04
-2.25	0.0
-2.2800000000000002	0.04
-2.315	0.02
-2.35	0.02
-2.345	0.02
-2.375	0.02
-2.41	0.02
-2.445	0.02
-2.475	0.02
-2.475	0.02
-2.505	0.02
-2.54	0.02
-2.57	0.02
-2.6	-0.02
-2.6	0.0
-2.63	-0.04
-2.66	-0.04
-2.69	-0.08
-2.685	-0.08
-2.725	-0.12
-2.745	-0.16
-2.775	-0.2
-2.8000000000000003	-0.26
-2.805	-0.26
-2.83	-0.3
-2.855	-0.36
-2.8850000000000002	-0.44
-2.91	-0.5
-2.91	-0.5
-2.935	-0.58
-2.965	-0.66
-2.99	-0.74
-2.985	-0.74
-3.015	-0.84
-3.04	-0.92
-3.065	-1.02
-3.085	-1.12
-3.09	-1.12
-3.11	-1.22
-3.1350000000000002	-1.32
-3.16	-1.44
-3.18	-1.56
-3.18	-1.56
-3.205	-1.7
-3.23	-1.82
-3.25	-1.94
-3.245	-1.94
-3.27	-2.08
-3.29	-2.2
-3.315	-2.36
-3.335	-2.48
-3.335	-2.48
-3.35	-2.62
-3.375	-2.7800000000000002
-3.395	-2.94
-3.395	-2.94
-3.415	-3.08
-3.435	-3.24
-3.455	-3.4
-3.475	-3.56
-3.475	-3.56
-3.495	-3.72
-3.515	-3.9
-3.535	-4.0600000000000005
-3.555	-4.24
-3.555	-4.24
-3.575	-4.4
-3.585	-4.58
-3.61	-4.78
-3.61	-4.76
-3.625	-4.96
-3.645	-5.14
-3.665	-5.3
-3.68	-5.5
-3.68	-5.5
-3.7	-5.68
-3.715	-5.88
-3.735	-6.0600000000000005
-3.755	-6.26
-3.75	-6.24
-3.775	-6.46
-3.785	-6.66
-3.8000000000000003	-6.86
-3.805	-6.84
-3.8200000000000003	-7.0600000000000005
-3.835	-7.26
-3.855	-7.46
-3.87	-7.66
-3.87	-7.66
-3.8850000000000002	-7.86
-3.9	-8.08
-3.92	-8.28
-3.935	-8.5
-3.935	-8.5
-3.95	-8.72
-3.97	-8.92
-3.98	-9.120000000000001
-3.98	-9.14
-4.0	-9.34
-4.015	-9.56
-4.03	-9.78
-4.045	-10.0
-4.045	-10.0
-4.065	-10.22
-4.075	-10.44
-4.09	-10.68
-4.095	-10.68
-4.105	-10.88
-4.12	-11.120000000000001
-4.135	-11.34
-4.15	-11.58
-4.155	-11.58
-4.17	-11.8
-4.1850000000000005	-12.02
-4.195	-12.26
-4.215	-12.48
-4.21	-12.48
-4.225	-12.700000000000001
-4.24	-12.94
-4.255	-13.18
-4.255	-13.18
-4.2700000000000005	-13.42
-4.285	-13.64
-4.3	-13.88
-4.315	-14.120000000000001
-4.315	-14.120000000000001
-4.325	-14.38
-4.345	-14.6
-4.355	-14.84
-4.37	-15.08
-4.37	-15.08
-4.385	-15.32
-4.3950000000000005	-15.56
-4.41	-15.82
-4.41	-15.82
-4.425	-16.06
-4.44	-16.3
-4.455	-16.54
-4.47	-16.78
-4.47	-16.78
-4.48	-17.02
-4.49	-17.28
-4.505	-17.52
-4.5200000000000005	-17.78
-4.5200000000000005	-17.78
-4.535	-18.02
-4.545	-18.28
-4.5600000000000005	-18.52
-4.5600000000000005	-18.52
-4.575	-18.78
-4.585	-19.04
-4.6000000000000005	-19.28
-4.61	-19.54
-4.61	-19.54
-4.625	-19.8
-4.64	-20.06
-4.65	-20.240000000000002
-4.655	-20.240000000000002
