0.02	0.02
0.21	0.02
0.42	0.02
0.62	0.02
0.8200000000000001	0.04
1.02	0.02
1.22	0.04
1.42	0.02
1.62	0.02
1.82	0.02
2.02	0.02
2.22	0.02
2.43	0.04
2.62	0.02
2.82	0.04
3.02	0.04
3.22	0.04
3.42	0.04
3.62	0.04
3.8200000000000003	0.04
4.03	0.06
4.22	0.08
4.43	0.12
4.61	0.28
4.8	0.32
4.99	0.36
5.17	0.42
5.39	0.48
5.57	0.58
5.8	0.7000000000000001
5.95	0.86
6.13	1.04
6.41	1.32
6.51	1.5
6.79	1.96
7.0200000000000005	2.36
7.12	2.62
7.34	3.14
7.5200000000000005	3.68
7.73	4.34
7.94	5.08
8.15	5.92
8.36	6.88
8.56	7.94
8.77	9.14
8.99	10.540000000000001
9.21	12.120000000000001
9.43	13.9
9.64	15.68
9.84	17.5
10.040000000000001	19.400000000000002
10.11	20.22
