0.005	0.02
0.005	0.02
0.005	0.02
0.005	0.04
0.005	0.04
0.005	0.04
0.005	0.02
0.005	0.04
0.0	0.02
0.0	0.0
-0.06	0.04
-0.11	0.04
-0.11	0.04
-0.14	0.04
-0.165	0.02
-0.195	0.02
-0.195	0.02
-0.22	0.02
-0.255	0.02
-0.28500000000000003	0.02
-0.28500000000000003	0.02
-0.315	0.02
-0.34500000000000003	0.04
-0.38	0.02
-0.38	0.04
-0.41000000000000003	0.02
-0.44	0.04
-0.47000000000000003	0.04
-0.47500000000000003	0.02
-0.505	0.04
-0.535	0.04
-0.5700000000000001	0.04
-0.5700000000000001	0.02
-0.6	0.02
-0.63	0.02
-0.66	0.04
-0.665	0.02
-0.6950000000000001	0.04
-0.725	0.02
-0.76	0.02
-0.76	0.02
-0.79	0.02
-0.8250000000000001	0.02
-0.855	0.02
-0.855	0.02
-0.89	0.02
-0.92	0.02
-0.9500000000000001	0.04
-0.9500000000000001	0.02
-0.98	0.04
-1.0150000000000001	0.02
-1.0150000000000001	0.02
-1.045	0.02
-1.075	0.04
-1.105	0.02
-1.11	0.02
-1.1400000000000001	0.02
-1.165	0.02
-1.195	0.04
-1.195	0.04
-1.225	0.04
-1.26	0.02
-1.29	0.02
-1.29	0.02
-1.325	0.02
-1.355	0.02
-1.385	0.02
-1.385	0.02
-1.42	0.02
-1.45	0.02
-1.48	0.02
-1.48	0.0
-1.5150000000000001	0.02
-1.545	0.02
-1.58	0.0
-1.575	0.02
-1.61	0.0
-1.6400000000000001	0.02
-1.67	0.0
-1.67	0.0
-1.705	0.0
-1.73	-0.02
-1.7650000000000001	-0.02
-1.77	-0.02
-1.795	-0.02
-1.83	-0.04
-1.865	-0.06
-1.86	-0.06
-1.8900000000000001	-0.08
-1.92	-0.1
-1.95	-0.12
-1.95	-0.12
-1.98	-0.14
-2.0100000000000002	-0.18
-2.04	-0.2
-2.04	-0.22
-2.065	-0.24
-2.095	-0.28
-2.125	-0.34
-2.125	-0.34
-2.15	-0.38
-2.18	-0.44
-2.18	-0.44
-2.205	-0.5
-2.23	-0.56
-2.2600000000000002	-0.64
-2.2600000000000002	-0.64
-2.285	-0.72
-2.31	-0.8
-2.335	-0.88
-2.34	-0.86
-2.36	-0.98
-2.3850000000000002	-1.06
-2.41	-1.18
-2.41	-1.18
-2.43	-1.28
-2.455	-1.4000000000000001
-2.48	-1.52
-2.48	-1.5
-2.5	-1.6400000000000001
-2.52	-1.76
-2.54	-1.9000000000000001
-2.54	-1.9000000000000001
-2.565	-2.04
-2.585	-2.18
-2.605	-2.34
-2.605	-2.34
-2.625	-2.48
-2.65	-2.64
-2.67	-2.7800000000000002
-2.67	-2.7800000000000002
-2.69	-2.9
-2.71	-3.06
-2.73	-3.2
-2.735	-3.22
-2.755	-3.34
-2.775	-3.46
-2.8000000000000003	-3.6
-2.8000000000000003	-3.6
-2.82	-3.74
-2.84	-3.88
-2.86	-4.0
-2.865	-4.0
-2.8850000000000002	-4.14
-2.91	-4.28
-2.93	-4.42
-2.93	-4.42
-2.95	-4.5600000000000005
-2.975	-4.68
-2.995	-4.84
-2.995	-4.84
-3.015	-4.98
-3.035	-5.12
-3.035	-5.12
-3.055	-5.28
-3.08	-5.42
-3.095	-5.5600000000000005
-3.1	-5.58
-3.12	-5.72
-3.14	-5.88
-3.1550000000000002	-6.04
-3.16	-6.04
-3.18	-6.2
-3.2	-6.36
-3.22	-6.5200000000000005
-3.22	-6.5200000000000005
-3.24	-6.68
-3.255	-6.84
-3.2800000000000002	-7.0200000000000005
-3.2800000000000002	-7.0200000000000005
-3.3000000000000003	-7.18
-3.3200000000000003	-7.38
-3.335	-7.54
-3.335	-7.54
-3.355	-7.7
-3.375	-7.9
-3.395	-8.08
-3.39	-8.06
-3.41	-8.24
-3.43	-8.42
-3.4450000000000003	-8.6
-3.4450000000000003	-8.6
-3.465	-8.78
-3.48	-8.98
-3.5	-9.18
-3.5	-9.16
-3.515	-9.36
-3.535	-9.56
-3.555	-9.74
-3.5500000000000003	-9.74
-3.5700000000000003	-9.94
-3.585	-10.14
-3.605	-10.34
-3.605	-10.36
-3.62	-10.540000000000001
-3.6350000000000002	-10.74
-3.6550000000000002	-10.92
-3.6550000000000002	-10.94
-3.67	-11.16
-3.685	-11.34
-3.705	-11.56
-3.705	-11.56
-3.72	-11.76
-3.735	-11.98
-3.735	-11.98
-3.75	-12.18
-3.77	-12.4
-3.785	-12.6
-3.785	-12.6
-3.8000000000000003	-12.84
-3.815	-13.040000000000001
-3.83	-13.26
-3.83	-13.26
-3.85	-13.5
-3.865	-13.72
-3.88	-13.94
-3.88	-13.94
-3.895	-14.14
-3.91	-14.38
-3.9250000000000003	-14.6
-3.9250000000000003	-14.6
-3.94	-14.82
-3.955	-15.040000000000001
-3.97	-15.280000000000001
-3.97	-15.26
-3.985	-15.5
-4.0	-15.72
-4.015	-15.96
-4.015	-15.94
-4.03	-16.18
-4.045	-16.42
-4.0600000000000005	-16.64
-4.0600000000000005	-16.64
-4.07	-16.88
-4.09	-17.12
-4.1	-17.36
-4.1	-17.36
-4.115	-17.580000000000002
-4.13	-17.82
-4.1450000000000005	-18.06
-4.1450000000000005	-18.06
-4.155	-18.3
-4.17	-18.54
-4.19	-18.8
-4.1850000000000005	-18.8
-4.2	-19.02
-4.215	-19.28
-4.23	-19.52
-4.23	-19.5
-4.24	-19.76
-4.255	-20.0
-4.2700000000000005	-20.240000000000002
-4.2700000000000005	-20.240000000000002
-4.285	-20.240000000000002
-4.295	-20.240000000000002
-4.295	-20.240000000000002
