0.01	0.04
0.22	0.02
0.41000000000000003	0.02
0.62	0.02
0.8200000000000001	0.0
1.02	0.02
1.22	0.02
1.44	0.02
1.62	0.02
1.82	0.02
2.0300000000000002	0.02
2.22	0.02
2.42	0.02
2.62	0.02
2.82	0.02
3.0300000000000002	0.02
3.22	0.02
3.43	0.04
3.62	0.04
3.8200000000000003	0.06
4.0200000000000005	0.06
4.22	0.08
4.43	0.1
4.62	0.26
4.8100000000000005	0.3
5.0	0.36
5.18	0.42
5.39	0.48
5.58	0.6
5.74	0.7000000000000001
6.01	0.86
6.19	1.06
6.43	1.3800000000000001
6.58	1.62
6.8	1.96
7.01	2.34
7.11	2.58
7.32	3.1
7.5200000000000005	3.66
7.73	4.32
7.94	5.0600000000000005
8.15	5.9
8.36	6.84
8.56	7.92
8.77	9.1
8.99	10.52
9.21	12.08
9.43	13.86
9.64	15.64
9.84	17.44
10.05	19.34
10.11	20.22
