0.01	0.02
0.005	0.02
0.005	0.02
0.01	0.02
0.01	0.02
0.01	0.02
0.005	0.02
0.005	0.02
0.005	0.04
0.01	0.02
0.01	0.06
0.01	0.06
0.065	0.58
0.06	0.58
0.095	0.9400000000000001
0.095	0.9400000000000001
0.115	1.16
0.115	1.1400000000000001
0.13	1.32
0.13	1.3
0.145	1.46
0.145	1.46
0.16	1.62
0.16	1.6
0.17500000000000002	1.78
0.17500000000000002	1.78
0.19	1.94
0.19	1.94
0.21	2.12
0.21	2.1
0.225	2.2800000000000002
0.225	2.2800000000000002
0.24	2.46
0.245	2.46
0.26	2.62
0.26	2.62
0.28	2.82
0.275	2.8000000000000003
0.295	2.98
0.295	2.98
0.315	3.16
0.315	3.16
0.33	3.34
0.33	3.34
0.35000000000000003	3.52
0.34500000000000003	3.5
0.365	3.66
0.365	3.68
0.385	3.86
0.385	3.86
0.4	4.04
0.4	4.0200000000000005
0.42	4.2
0.435	4.38
0.435	4.38
0.455	4.54
0.455	4.5600000000000005
0.47000000000000003	4.72
0.47000000000000003	4.72
0.49	4.9
0.49	4.9
0.51	5.08
0.505	5.0600000000000005
0.53	5.26
0.525	5.26
0.545	5.42
0.545	5.42
0.56	5.58
0.5650000000000001	5.6000000000000005
0.58	5.76
0.58	5.78
0.6	5.96
0.6	5.94
0.62	6.12
0.62	6.12
0.64	6.3
0.635	6.3
0.655	6.44
0.655	6.46
0.675	6.640000000000001
0.675	6.62
0.6900000000000001	6.78
0.6900000000000001	6.8
0.705	6.96
0.71	6.96
0.725	7.12
0.725	7.12
0.745	7.28
0.74	7.28
0.755	7.44
0.76	7.44
0.78	7.6000000000000005
0.775	7.6000000000000005
0.795	7.78
0.795	7.76
0.8150000000000001	7.96
0.8150000000000001	7.96
0.835	8.120000000000001
0.835	8.120000000000001
0.855	8.3
0.855	8.3
0.875	8.46
0.87	8.46
0.89	8.620000000000001
0.905	8.8
0.91	8.8
0.93	8.98
0.93	8.96
0.9500000000000001	9.14
0.9450000000000001	9.120000000000001
0.965	9.3
0.965	9.3
0.985	9.46
0.985	9.46
1.0050000000000001	9.64
1.0050000000000001	9.64
1.02	9.78
1.02	9.78
1.04	9.96
1.035	9.96
1.06	10.120000000000001
1.06	10.120000000000001
1.075	10.28
1.075	10.28
1.095	10.44
1.095	10.44
1.115	10.620000000000001
1.115	10.620000000000001
1.1300000000000001	10.78
1.135	10.78
1.1500000000000001	10.96
1.1500000000000001	10.96
1.175	11.120000000000001
1.17	11.120000000000001
1.19	11.28
1.19	11.28
1.21	11.46
1.21	11.44
1.23	11.6
1.23	11.620000000000001
1.245	11.76
1.25	11.76
1.2650000000000001	11.94
1.2650000000000001	11.92
1.285	12.08
1.285	12.1
1.305	12.26
1.305	12.26
1.325	12.42
1.325	12.42
1.345	12.6
1.345	12.58
1.36	12.74
1.365	12.74
1.3800000000000001	12.9
1.4000000000000001	13.06
1.4000000000000001	13.040000000000001
1.42	13.22
1.42	13.22
1.44	13.38
1.44	13.38
1.46	13.540000000000001
1.46	13.56
1.48	13.700000000000001
1.48	13.700000000000001
1.5	13.86
1.5	13.88
1.5150000000000001	14.02
1.52	14.02
1.5350000000000001	14.18
1.54	14.18
1.55	14.32
1.555	14.34
1.575	14.5
1.575	14.5
1.595	14.64
1.595	14.66
1.615	14.82
1.615	14.82
1.635	14.98
1.635	14.96
1.655	15.120000000000001
1.6500000000000001	15.120000000000001
1.675	15.280000000000001
1.67	15.280000000000001
1.69	15.44
1.695	15.44
1.71	15.58
1.705	15.58
1.73	15.74
1.73	15.74
1.75	15.92
1.75	15.9
1.77	16.06
1.77	16.06
1.79	16.22
1.79	16.22
1.81	16.38
1.81	16.38
1.83	16.54
1.83	16.54
1.85	16.7
1.85	16.68
1.87	16.84
1.87	16.82
1.885	17.0
1.9100000000000001	17.14
1.9100000000000001	17.14
1.93	17.3
1.925	17.3
1.95	17.44
1.945	17.46
1.965	17.6
1.97	17.6
1.985	17.76
1.99	17.76
2.005	17.92
2.0100000000000002	17.92
2.025	18.06
2.025	18.06
2.045	18.22
2.045	18.22
2.065	18.38
2.065	18.36
2.09	18.52
2.085	18.52
2.105	18.66
2.11	18.68
2.125	18.82
2.125	18.82
2.145	18.98
2.145	18.96
2.165	19.12
2.165	19.12
2.185	19.26
2.185	19.26
2.205	19.42
2.205	19.42
2.225	19.580000000000002
2.225	19.580000000000002
2.245	19.72
2.245	19.72
2.265	19.88
2.265	19.88
2.285	20.02
2.285	20.02
2.305	20.18
2.305	20.16
2.325	20.22
2.325	20.22
2.345	20.22
2.345	20.22
2.365	20.22
2.365	20.22
2.3850000000000002	20.22
2.3850000000000002	20.22
