0.005	0.02
0.0	0.02
0.005	0.04
0.005	0.02
0.005	0.02
0.005	0.02
0.005	0.02
0.0	0.02
0.0	0.02
0.0	0.02
-0.065	0.02
-0.11	0.02
-0.115	0.02
-0.14	0.02
-0.165	0.02
-0.195	0.02
-0.19	0.02
-0.22	0.04
-0.25	0.02
-0.28500000000000003	0.02
-0.28500000000000003	0.04
-0.315	0.02
-0.34500000000000003	0.02
-0.375	0.02
-0.38	0.02
-0.41000000000000003	0.02
-0.44	0.04
-0.47000000000000003	0.04
-0.47500000000000003	0.02
-0.505	0.02
-0.535	0.02
-0.5700000000000001	0.02
-0.5650000000000001	0.02
-0.6	0.02
-0.63	0.0
-0.66	0.02
-0.665	0.04
-0.6950000000000001	0.02
-0.725	0.04
-0.76	0.02
-0.76	0.02
-0.79	0.02
-0.8250000000000001	0.02
-0.855	0.02
-0.855	0.04
-0.885	0.02
-0.92	0.02
-0.9500000000000001	0.04
-0.9500000000000001	0.04
-0.98	0.04
-1.0150000000000001	0.04
-1.0150000000000001	0.04
-1.05	0.02
-1.075	0.02
-1.11	0.04
-1.11	0.02
-1.1400000000000001	0.02
-1.17	0.04
-1.195	0.02
-1.195	0.04
-1.225	0.02
-1.26	0.02
-1.29	0.02
-1.29	0.02
-1.325	0.02
-1.355	0.02
-1.385	0.02
-1.385	0.02
-1.42	0.02
-1.45	0.02
-1.485	0.02
-1.48	0.02
-1.5150000000000001	0.04
-1.545	0.02
-1.58	0.0
-1.58	0.02
-1.61	0.02
-1.6400000000000001	0.0
-1.675	0.0
-1.67	0.0
-1.705	0.0
-1.735	0.0
-1.77	-0.02
-1.7650000000000001	-0.02
-1.8	-0.04
-1.83	-0.04
-1.86	-0.06
-1.86	-0.06
-1.8900000000000001	-0.08
-1.92	-0.1
-1.95	-0.12
-1.95	-0.12
-1.98	-0.16
-2.0100000000000002	-0.18
-2.04	-0.22
-2.04	-0.22
-2.065	-0.24
-2.095	-0.3
-2.125	-0.34
-2.12	-0.34
-2.15	-0.38
-2.18	-0.44
-2.18	-0.44
-2.205	-0.5
-2.23	-0.56
-2.2600000000000002	-0.64
-2.2600000000000002	-0.62
-2.285	-0.7000000000000001
-2.31	-0.78
-2.335	-0.88
-2.335	-0.88
-2.36	-0.96
-2.3850000000000002	-1.06
-2.4050000000000002	-1.16
-2.4050000000000002	-1.16
-2.43	-1.28
-2.455	-1.3800000000000001
-2.475	-1.5
-2.475	-1.52
-2.5	-1.62
-2.52	-1.76
-2.54	-1.8800000000000001
-2.54	-1.8800000000000001
-2.565	-2.02
-2.58	-2.16
-2.6	-2.32
-2.605	-2.32
-2.625	-2.46
-2.645	-2.62
-2.665	-2.7600000000000002
-2.665	-2.7600000000000002
-2.685	-2.9
-2.71	-3.04
-2.73	-3.18
-2.725	-3.16
-2.75	-3.3200000000000003
-2.77	-3.44
-2.795	-3.58
-2.795	-3.58
-2.815	-3.7
-2.84	-3.84
-2.86	-3.98
-2.86	-3.96
-2.88	-4.12
-2.9050000000000002	-4.24
-2.92	-4.38
-2.9250000000000003	-4.38
-2.945	-4.5200000000000005
-2.965	-4.68
-2.99	-4.82
-2.99	-4.82
-3.0100000000000002	-4.94
-3.0300000000000002	-5.1000000000000005
-3.0300000000000002	-5.08
-3.055	-5.24
-3.075	-5.38
-3.095	-5.54
-3.09	-5.54
-3.11	-5.68
-3.1350000000000002	-5.84
-3.1550000000000002	-6.0
-3.1550000000000002	-5.98
-3.1750000000000003	-6.140000000000001
-3.19	-6.32
-3.21	-6.46
-3.215	-6.46
-3.235	-6.62
-3.25	-6.78
-3.27	-6.94
-3.275	-6.96
-3.29	-7.12
-3.31	-7.3
-3.33	-7.48
-3.33	-7.48
-3.35	-7.640000000000001
-3.365	-7.82
-3.3850000000000002	-8.0
-3.3850000000000002	-8.0
-3.4050000000000002	-8.18
-3.42	-8.36
-3.44	-8.540000000000001
-3.44	-8.540000000000001
-3.46	-8.72
-3.475	-8.9
-3.495	-9.1
-3.495	-9.08
-3.5100000000000002	-9.28
-3.5300000000000002	-9.48
-3.545	-9.66
-3.545	-9.66
-3.56	-9.86
-3.58	-10.040000000000001
-3.595	-10.26
-3.6	-10.26
-3.615	-10.46
-3.6350000000000002	-10.64
-3.645	-10.84
-3.645	-10.84
-3.665	-11.040000000000001
-3.68	-11.24
-3.6950000000000003	-11.46
-3.6950000000000003	-11.44
-3.715	-11.66
-3.73	-11.86
-3.73	-11.88
-3.745	-12.08
-3.7600000000000002	-12.280000000000001
-3.775	-12.5
-3.775	-12.5
-3.795	-12.72
-3.805	-12.92
-3.825	-13.14
-3.825	-13.14
-3.84	-13.36
-3.855	-13.6
-3.87	-13.8
-3.87	-13.8
-3.8850000000000002	-14.02
-3.9	-14.24
-3.915	-14.46
-3.915	-14.46
-3.93	-14.68
-3.9450000000000003	-14.9
-3.96	-15.14
-3.96	-15.120000000000001
-3.975	-15.34
-3.99	-15.58
-4.005	-15.8
-4.005	-15.8
-4.0200000000000005	-16.02
-4.03	-16.26
-4.05	-16.48
-4.045	-16.48
-4.065	-16.72
-4.08	-16.96
-4.09	-17.18
-4.09	-17.2
-4.105	-17.42
-4.12	-17.64
-4.135	-17.88
-4.135	-17.88
-4.15	-18.12
-4.16	-18.34
-4.175	-18.6
-4.175	-18.6
-4.19	-18.84
-4.205	-19.06
-4.215	-19.3
-4.215	-19.3
-4.23	-19.54
-4.245	-19.78
-4.255	-20.02
-4.255	-20.02
-4.2700000000000005	-20.240000000000002
-4.285	-20.240000000000002
-4.285	-20.240000000000002
