0.005	0.04
0.005	0.02
0.005	0.02
0.005	0.04
0.005	0.02
0.005	0.04
0.005	0.02
0.0	0.04
0.0	0.02
-0.065	0.02
-0.065	0.02
-0.115	0.02
-0.14	0.02
-0.165	0.02
-0.165	0.02
-0.195	0.02
-0.22	0.02
-0.255	0.02
-0.28	0.02
-0.28500000000000003	0.02
-0.315	0.02
-0.34500000000000003	0.04
-0.38	0.02
-0.41000000000000003	0.02
-0.41000000000000003	0.02
-0.44	0.02
-0.47500000000000003	0.02
-0.505	0.02
-0.505	0.02
-0.535	0.02
-0.5650000000000001	0.04
-0.595	0.04
-0.63	0.02
-0.63	0.02
-0.66	0.04
-0.6900000000000001	0.02
-0.725	0.04
-0.76	0.04
-0.76	0.02
-0.79	0.04
-0.8250000000000001	0.02
-0.855	0.02
-0.855	0.02
-0.89	0.02
-0.92	0.02
-0.9500000000000001	0.02
-0.98	0.02
-0.985	0.04
-1.01	0.04
-1.045	0.02
-1.075	0.02
-1.08	0.02
-1.11	0.02
-1.1400000000000001	0.02
-1.17	0.02
-1.195	0.04
-1.195	0.02
-1.225	0.02
-1.26	0.02
-1.29	0.02
-1.325	0.02
-1.325	0.04
-1.355	0.02
-1.385	0.02
-1.42	0.02
-1.415	0.04
-1.45	0.02
-1.48	0.02
-1.5150000000000001	0.02
-1.55	0.02
-1.545	0.02
-1.58	0.02
-1.61	0.02
-1.6400000000000001	0.02
-1.67	0.02
-1.675	0.02
-1.71	0.08
-1.74	0.02
-1.77	0.02
-1.77	0.04
-1.805	0.02
-1.84	0.02
-1.865	0.04
-1.9000000000000001	0.02
-1.9000000000000001	0.02
-1.935	0.02
-1.965	0.04
-1.995	0.02
-2.025	0.02
-2.025	0.04
-2.06	0.02
-2.09	0.02
-2.125	0.02
-2.12	0.04
-2.1550000000000002	0.04
-2.185	0.02
-2.22	0.02
-2.25	0.04
-2.25	0.04
-2.285	0.04
-2.315	0.02
-2.345	0.02
-2.345	0.02
-2.375	0.04
-2.41	0.02
-2.44	0.02
-2.475	0.02
-2.475	0.02
-2.505	0.02
-2.535	0.02
-2.57	0.02
-2.6	0.0
-2.6	0.0
-2.63	-0.02
-2.66	-0.06
-2.69	-0.08
-2.69	-0.08
-2.715	-0.12
-2.75	-0.16
-2.775	-0.2
-2.805	-0.26
-2.805	-0.26
-2.83	-0.32
-2.86	-0.36
-2.8850000000000002	-0.44
-2.91	-0.5
-2.91	-0.5
-2.935	-0.58
-2.965	-0.66
-2.99	-0.76
-2.99	-0.74
-3.015	-0.84
-3.04	-0.92
-3.065	-1.02
-3.085	-1.12
-3.085	-1.12
-3.11	-1.22
-3.1350000000000002	-1.34
-3.16	-1.44
-3.18	-1.56
-3.18	-1.56
-3.205	-1.7
-3.225	-1.82
-3.25	-1.94
-3.25	-1.94
-3.27	-2.08
-3.29	-2.2
-3.315	-2.34
-3.335	-2.48
-3.33	-2.48
-3.355	-2.62
-3.375	-2.7800000000000002
-3.4	-2.92
-3.395	-2.92
-3.415	-3.08
-3.435	-3.24
-3.455	-3.4
-3.475	-3.58
-3.475	-3.56
-3.495	-3.72
-3.515	-3.9
-3.535	-4.08
-3.555	-4.26
-3.555	-4.26
-3.575	-4.42
-3.59	-4.6000000000000005
-3.61	-4.78
-3.61	-4.76
-3.63	-4.96
-3.645	-5.14
-3.665	-5.32
-3.68	-5.5
-3.685	-5.5
-3.7	-5.7
-3.72	-5.88
-3.735	-6.0600000000000005
-3.75	-6.26
-3.755	-6.26
-3.77	-6.46
-3.785	-6.66
-3.805	-6.86
-3.8000000000000003	-6.86
-3.8200000000000003	-7.0600000000000005
-3.835	-7.28
-3.855	-7.46
-3.87	-7.66
-3.87	-7.66
-3.8850000000000002	-7.86
-3.9050000000000002	-8.08
-3.92	-8.28
-3.935	-8.5
-3.935	-8.5
-3.95	-8.72
-3.97	-8.92
-3.98	-9.120000000000001
-3.985	-9.14
-4.0	-9.36
-4.015	-9.56
-4.03	-9.78
-4.045	-10.0
-4.045	-10.0
-4.0600000000000005	-10.24
-4.075	-10.46
-4.095	-10.68
-4.095	-10.700000000000001
-4.11	-10.9
-4.125	-11.14
-4.14	-11.36
-4.155	-11.58
-4.155	-11.58
-4.17	-11.8
-4.1850000000000005	-12.040000000000001
-4.2	-12.26
-4.215	-12.5
-4.215	-12.5
-4.225	-12.74
-4.24	-12.96
-4.26	-13.18
-4.26	-13.200000000000001
-4.2700000000000005	-13.44
-4.285	-13.68
-4.3	-13.9
-4.315	-14.14
-4.315	-14.14
-4.33	-14.4
-4.345	-14.620000000000001
-4.355	-14.86
-4.37	-15.1
-4.37	-15.08
-4.385	-15.34
-4.4	-15.58
-4.41	-15.82
-4.415	-15.82
-4.425	-16.080000000000002
-4.44	-16.32
-4.455	-16.56
-4.465	-16.8
-4.465	-16.8
-4.485	-17.04
-4.495	-17.3
-4.505	-17.56
-4.5200000000000005	-17.8
-4.5200000000000005	-17.8
-4.535	-18.06
-4.55	-18.32
-4.5600000000000005	-18.56
-4.5600000000000005	-18.56
-4.58	-18.8
-4.59	-19.04
-4.6000000000000005	-19.3
-4.615	-19.56
-4.61	-19.56
-4.625	-19.82
-4.64	-20.080000000000002
-4.655	-20.240000000000002
-4.655	-20.240000000000002
