0.01	0.02
0.21	0.02
0.42	0.02
0.61	0.02
0.8200000000000001	0.02
1.02	0.02
1.22	0.02
1.42	0.02
1.62	0.02
1.82	0.02
2.02	0.02
2.22	0.02
2.42	0.02
2.62	0.02
2.82	0.02
3.02	0.02
3.22	0.04
3.42	0.04
3.62	0.04
3.8200000000000003	0.06
4.0	0.28
4.2	0.3
4.38	0.36
4.57	0.4
4.7700000000000005	0.42
5.03	0.42
5.23	0.54
5.33	0.7000000000000001
5.63	0.9
5.79	1.06
5.96	1.34
6.22	1.72
6.390000000000001	1.96
6.5200000000000005	2.32
6.74	2.84
6.94	3.42
7.15	4.0600000000000005
7.36	4.82
7.58	5.78
7.8	6.68
7.97	7.68
8.18	8.9
8.39	10.3
8.6	11.86
8.81	13.6
9.02	15.68
9.24	17.86
9.44	20.080000000000002
9.64	20.22
