0.002	0.04
0.002	0.02
0.002	0.02
0.002	0.02
0.002	0.02
0.002	0.02
0.002	0.02
0.002	0.02
0.002	0.02
0.002	0.02
0.004	0.02
0.004	0.04
0.004	0.04
0.046	0.54
0.046	0.56
0.084	0.96
0.084	0.9400000000000001
0.084	0.9400000000000001
0.10400000000000001	1.2
0.10400000000000001	1.18
0.11800000000000001	1.36
0.11800000000000001	1.36
0.132	1.5
0.132	1.52
0.148	1.6600000000000001
0.146	1.6600000000000001
0.162	1.84
0.162	1.84
0.178	2.02
0.178	2.02
0.194	2.18
0.192	2.18
0.20800000000000002	2.36
0.20800000000000002	2.36
0.20800000000000002	2.36
0.226	2.56
0.224	2.56
0.242	2.74
0.24	2.72
0.258	2.92
0.258	2.92
0.274	3.1
0.274	3.1
0.292	3.2800000000000002
0.292	3.2800000000000002
0.308	3.48
0.308	3.46
0.324	3.64
0.322	3.66
0.34	3.8200000000000003
0.34	3.8200000000000003
0.34	3.8200000000000003
0.356	4.0200000000000005
0.358	4.0200000000000005
0.374	4.2
0.374	4.2
0.39	4.38
0.39	4.38
0.40800000000000003	4.5600000000000005
0.40800000000000003	4.5600000000000005
0.426	4.74
0.426	4.76
0.442	4.92
0.442	4.92
0.458	5.1000000000000005
0.458	5.1000000000000005
0.47600000000000003	5.28
0.47400000000000003	5.28
0.47600000000000003	5.28
0.494	5.48
0.492	5.48
0.51	5.66
0.51	5.66
0.528	5.84
0.526	5.84
0.544	6.0200000000000005
0.544	6.0200000000000005
0.562	6.22
0.562	6.22
0.578	6.4
0.578	6.4
0.596	6.58
0.596	6.58
0.612	6.74
0.612	6.76
0.612	6.74
0.63	6.94
0.63	6.94
0.646	7.1000000000000005
0.646	7.12
0.664	7.28
0.662	7.28
0.678	7.44
0.678	7.44
0.6960000000000001	7.62
0.6960000000000001	7.62
0.712	7.8
0.712	7.8
0.73	7.98
0.73	7.98
0.746	8.14
0.746	8.14
0.746	8.14
0.766	8.34
0.766	8.34
0.784	8.52
0.782	8.52
0.8	8.700000000000001
0.8	8.700000000000001
0.8180000000000001	8.86
0.8160000000000001	8.86
0.834	9.06
0.834	9.06
0.852	9.22
0.852	9.24
0.87	9.42
0.87	9.42
0.886	9.58
0.886	9.58
0.886	9.58
0.904	9.76
0.904	9.76
0.922	9.94
0.922	9.94
0.9400000000000001	10.1
0.9400000000000001	10.1
0.9560000000000001	10.28
0.9580000000000001	10.28
0.974	10.46
0.976	10.46
0.992	10.620000000000001
0.992	10.64
1.01	10.8
1.01	10.82
1.026	10.98
1.026	10.96
1.028	10.98
1.046	11.16
1.046	11.16
1.062	11.34
1.064	11.36
1.08	11.52
1.082	11.52
1.1	11.700000000000001
1.098	11.68
1.118	11.88
1.118	11.88
1.1340000000000001	12.040000000000001
1.1340000000000001	12.06
1.1520000000000001	12.22
1.1520000000000001	12.22
1.17	12.4
1.17	12.38
1.17	12.38
1.188	12.58
1.188	12.56
1.206	12.74
1.206	12.74
1.224	12.92
1.224	12.92
1.242	13.08
1.242	13.08
1.26	13.26
1.26	13.26
1.278	13.44
1.278	13.44
1.296	13.6
1.296	13.6
1.314	13.76
1.312	13.780000000000001
1.314	13.76
1.332	13.94
1.332	13.96
1.35	14.120000000000001
1.35	14.120000000000001
1.368	14.280000000000001
1.37	14.3
1.3860000000000001	14.46
1.3860000000000001	14.46
1.4060000000000001	14.64
1.4040000000000001	14.64
1.424	14.8
1.422	14.82
1.442	14.98
1.44	14.96
1.46	15.14
1.458	15.14
1.458	15.14
1.478	15.32
1.478	15.32
1.496	15.48
1.496	15.5
1.514	15.66
1.514	15.66
1.532	15.82
1.532	15.82
1.55	16.0
1.55	16.0
1.568	16.16
1.568	16.16
1.586	16.34
1.586	16.34
1.602	16.5
1.604	16.5
1.604	16.5
1.624	16.68
1.624	16.68
1.6420000000000001	16.84
1.6400000000000001	16.84
1.6600000000000001	17.02
1.6600000000000001	17.02
1.678	17.18
1.678	17.18
1.698	17.36
1.696	17.36
1.716	17.52
1.716	17.52
1.732	17.68
1.734	17.68
1.752	17.84
1.756	17.84
1.75	17.84
1.77	18.02
1.768	18.02
1.788	18.18
1.788	18.18
1.806	18.36
1.808	18.36
1.826	18.52
1.824	18.52
1.844	18.68
1.844	18.68
1.862	18.86
1.862	18.86
1.8800000000000001	19.0
1.8800000000000001	19.02
1.8980000000000001	19.16
1.8980000000000001	19.16
1.8980000000000001	19.18
1.9180000000000001	19.34
1.9160000000000001	19.34
1.936	19.52
1.936	19.5
1.954	19.68
1.956	19.68
1.974	19.84
1.974	19.84
1.992	20.0
1.992	20.0
2.0100000000000002	20.16
2.0100000000000002	20.18
2.0220000000000002	20.22
2.0220000000000002	20.22
2.0220000000000002	20.22
2.0220000000000002	20.22
2.0220000000000002	20.22
