0.002	0.02
0.002	0.04
0.004	0.02
0.002	0.02
0.004	0.02
0.002	0.02
0.002	0.02
0.002	0.02
0.004	0.02
0.002	0.02
0.002	0.02
0.004	0.04
0.004	0.04
0.046	0.56
0.046	0.56
0.082	0.96
0.08	0.96
0.082	0.96
0.10200000000000001	1.2
0.10200000000000001	1.2
0.11800000000000001	1.3800000000000001
0.11800000000000001	1.3800000000000001
0.13	1.54
0.132	1.54
0.14400000000000002	1.7
0.146	1.7
0.16	1.86
0.16	1.86
0.176	2.04
0.176	2.04
0.19	2.22
0.19	2.22
0.20600000000000002	2.38
0.20600000000000002	2.38
0.20600000000000002	2.38
0.222	2.58
0.222	2.58
0.23800000000000002	2.7600000000000002
0.23800000000000002	2.7600000000000002
0.256	2.94
0.256	2.94
0.27	3.14
0.27	3.14
0.28800000000000003	3.3200000000000003
0.28600000000000003	3.3200000000000003
0.304	3.5
0.304	3.52
0.32	3.7
0.32	3.7
0.336	3.86
0.334	3.86
0.334	3.88
0.352	4.0600000000000005
0.352	4.0600000000000005
0.37	4.24
0.37	4.24
0.386	4.44
0.386	4.44
0.402	4.62
0.402	4.62
0.42	4.8
0.42	4.8
0.434	4.98
0.436	4.98
0.452	5.18
0.452	5.16
0.468	5.34
0.468	5.36
0.468	5.36
0.486	5.54
0.486	5.54
0.502	5.74
0.504	5.74
0.52	5.92
0.52	5.92
0.536	6.1000000000000005
0.536	6.1000000000000005
0.554	6.3
0.554	6.3
0.5700000000000001	6.48
0.5720000000000001	6.48
0.586	6.66
0.588	6.68
0.604	6.84
0.604	6.84
0.604	6.84
0.622	7.0200000000000005
0.62	7.0200000000000005
0.636	7.2
0.636	7.2
0.654	7.38
0.654	7.38
0.668	7.54
0.668	7.54
0.686	7.72
0.684	7.72
0.7020000000000001	7.9
0.7020000000000001	7.9
0.718	8.08
0.72	8.08
0.736	8.26
0.734	8.26
0.734	8.26
0.754	8.46
0.754	8.44
0.77	8.620000000000001
0.77	8.64
0.788	8.8
0.788	8.8
0.804	8.98
0.804	9.0
0.8220000000000001	9.18
0.8220000000000001	9.18
0.84	9.36
0.84	9.36
0.856	9.540000000000001
0.856	9.540000000000001
0.874	9.700000000000001
0.874	9.72
0.872	9.700000000000001
0.89	9.9
0.892	9.88
0.908	10.08
0.908	10.08
0.926	10.26
0.926	10.26
0.9400000000000001	10.42
0.9420000000000001	10.42
0.96	10.620000000000001
0.96	10.620000000000001
0.978	10.78
0.976	10.78
0.994	10.96
0.994	10.96
1.012	11.14
1.01	11.14
1.01	11.14
1.028	11.32
1.03	11.34
1.048	11.52
1.046	11.5
1.064	11.68
1.064	11.68
1.082	11.86
1.082	11.86
1.1	12.040000000000001
1.1	12.040000000000001
1.118	12.22
1.116	12.24
1.1340000000000001	12.4
1.1360000000000001	12.4
1.1520000000000001	12.56
1.1520000000000001	12.56
1.1500000000000001	12.56
1.17	12.76
1.17	12.76
1.188	12.94
1.188	12.94
1.206	13.1
1.206	13.1
1.222	13.280000000000001
1.224	13.280000000000001
1.24	13.46
1.24	13.46
1.258	13.620000000000001
1.258	13.64
1.276	13.82
1.276	13.82
1.292	13.98
1.294	13.98
1.292	13.98
1.31	14.16
1.312	14.16
1.33	14.34
1.328	14.34
1.348	14.52
1.346	14.52
1.364	14.68
1.364	14.700000000000001
1.3820000000000001	14.86
1.3840000000000001	14.88
1.4000000000000001	15.040000000000001
1.4000000000000001	15.040000000000001
1.418	15.22
1.418	15.22
1.434	15.38
1.434	15.38
1.434	15.38
1.452	15.56
1.452	15.56
1.47	15.72
1.47	15.72
1.488	15.9
1.488	15.92
1.506	16.080000000000002
1.506	16.080000000000002
1.524	16.26
1.524	16.26
1.542	16.42
1.542	16.42
1.562	16.6
1.56	16.6
1.576	16.76
1.576	16.76
1.578	16.76
1.594	16.94
1.596	16.96
1.614	17.12
1.614	17.12
1.6320000000000001	17.3
1.6320000000000001	17.3
1.6500000000000001	17.46
1.6480000000000001	17.46
1.668	17.64
1.668	17.64
1.686	17.8
1.686	17.8
1.704	17.98
1.704	17.98
1.72	18.14
1.72	18.14
1.72	18.14
1.738	18.32
1.738	18.32
1.758	18.5
1.756	18.52
1.776	18.68
1.776	18.66
1.792	18.82
1.792	18.82
1.81	19.0
1.812	19.0
1.83	19.18
1.828	19.16
1.848	19.34
1.846	19.34
1.864	19.5
1.864	19.5
1.864	19.5
1.8820000000000001	19.68
1.8820000000000001	19.68
1.9000000000000001	19.86
1.9000000000000001	19.86
1.92	20.02
1.9180000000000001	20.02
1.936	20.18
1.936	20.2
1.956	20.22
1.954	20.22
1.972	20.22
1.974	20.22
1.99	20.22
1.99	20.22
2.008	20.22
2.0060000000000002	20.22
2.0060000000000002	20.22
