0.005	0.04
0.005	0.02
0.005	0.02
0.005	0.02
0.005	0.02
0.005	0.02
0.005	0.04
0.005	0.02
0.005	0.04
0.005	0.02
-0.045	0.02
-0.11	0.02
-0.11	0.04
-0.14	0.02
-0.16	0.02
-0.19	0.02
-0.19	0.02
-0.22	0.04
-0.25	0.04
-0.28	0.04
-0.28	0.02
-0.315	0.02
-0.34	0.02
-0.375	0.04
-0.375	0.02
-0.405	0.02
-0.44	0.04
-0.465	0.02
-0.47000000000000003	0.02
-0.5	0.04
-0.53	0.04
-0.5650000000000001	0.04
-0.5650000000000001	0.04
-0.595	0.02
-0.625	0.04
-0.655	0.02
-0.66	0.02
-0.6900000000000001	0.02
-0.725	0.04
-0.755	0.02
-0.755	0.04
-0.785	0.04
-0.8200000000000001	0.04
-0.85	0.04
-0.85	0.02
-0.885	0.02
-0.915	0.02
-0.9450000000000001	0.04
-0.9450000000000001	0.04
-0.975	0.04
-1.01	0.02
-1.01	0.02
-1.04	0.02
-1.075	0.02
-1.105	0.02
-1.105	0.02
-1.1400000000000001	0.02
-1.165	0.02
-1.195	0.02
-1.195	0.02
-1.225	0.02
-1.2550000000000001	0.02
-1.29	0.02
-1.29	0.02
-1.32	0.02
-1.35	0.02
-1.385	0.02
-1.385	0.04
-1.415	0.02
-1.45	0.02
-1.48	0.02
-1.48	0.02
-1.51	0.02
-1.54	0.0
-1.575	0.0
-1.57	0.0
-1.605	0.0
-1.635	-0.02
-1.665	-0.02
-1.665	-0.02
-1.7	-0.02
-1.73	-0.04
-1.76	-0.04
-1.76	-0.06
-1.79	-0.06
-1.825	-0.08
-1.85	-0.12
-1.855	-0.1
-1.885	-0.12
-1.9100000000000001	-0.16
-1.94	-0.18
-1.94	-0.18
-1.97	-0.22
-2.0	-0.26
-2.0300000000000002	-0.3
-2.025	-0.28
-2.055	-0.34
-2.085	-0.38
-2.11	-0.44
-2.11	-0.44
-2.1350000000000002	-0.5
-2.165	-0.56
-2.165	-0.56
-2.19	-0.62
-2.215	-0.7000000000000001
-2.24	-0.78
-2.24	-0.76
-2.27	-0.86
-2.295	-0.9400000000000001
-2.32	-1.02
-2.32	-1.04
-2.34	-1.1400000000000001
-2.365	-1.24
-2.3850000000000002	-1.34
-2.39	-1.34
-2.41	-1.44
-2.435	-1.56
-2.455	-1.7
-2.455	-1.68
-2.48	-1.82
-2.5	-1.96
-2.52	-2.08
-2.52	-2.08
-2.54	-2.22
-2.56	-2.38
-2.58	-2.52
-2.58	-2.52
-2.6	-2.68
-2.62	-2.84
-2.64	-3.0
-2.64	-2.98
-2.66	-3.14
-2.68	-3.3000000000000003
-2.7	-3.46
-2.7	-3.46
-2.72	-3.6
-2.745	-3.7600000000000002
-2.7600000000000002	-3.88
-2.765	-3.9
-2.785	-4.0200000000000005
-2.805	-4.16
-2.825	-4.3
-2.825	-4.3
-2.845	-4.44
-2.87	-4.58
-2.89	-4.72
-2.8850000000000002	-4.72
-2.91	-4.86
-2.93	-5.0
-2.95	-5.14
-2.955	-5.16
-2.975	-5.28
-2.995	-5.42
-2.99	-5.44
-3.015	-5.58
-3.035	-5.74
-3.055	-5.88
-3.055	-5.88
-3.075	-6.0200000000000005
-3.095	-6.18
-3.115	-6.32
-3.115	-6.34
-3.1350000000000002	-6.5
-3.1550000000000002	-6.640000000000001
-3.17	-6.8
-3.1750000000000003	-6.82
-3.1950000000000003	-6.96
-3.215	-7.140000000000001
-3.235	-7.3
-3.23	-7.3
-3.25	-7.46
-3.27	-7.640000000000001
-3.29	-7.8
-3.29	-7.8
-3.305	-7.98
-3.325	-8.14
-3.34	-8.32
-3.345	-8.32
-3.365	-8.5
-3.38	-8.68
-3.4	-8.86
-3.4	-8.84
-3.415	-9.02
-3.43	-9.200000000000001
-3.45	-9.4
-3.45	-9.4
-3.47	-9.58
-3.49	-9.76
-3.505	-9.96
-3.5	-9.96
-3.52	-10.14
-3.54	-10.34
-3.555	-10.540000000000001
-3.555	-10.540000000000001
-3.5700000000000003	-10.72
-3.59	-10.9
-3.605	-11.120000000000001
-3.605	-11.120000000000001
-3.62	-11.32
-3.64	-11.52
-3.6550000000000002	-11.700000000000001
-3.6550000000000002	-11.72
-3.67	-11.92
-3.685	-12.14
-3.685	-12.120000000000001
-3.7	-12.32
-3.715	-12.52
-3.73	-12.74
-3.735	-12.72
-3.75	-12.94
-3.765	-13.16
-3.7800000000000002	-13.36
-3.7800000000000002	-13.38
-3.795	-13.58
-3.815	-13.8
-3.825	-14.02
-3.825	-14.0
-3.84	-14.22
-3.855	-14.44
-3.87	-14.66
-3.87	-14.66
-3.8850000000000002	-14.88
-3.9	-15.1
-3.915	-15.32
-3.915	-15.32
-3.93	-15.52
-3.9450000000000003	-15.76
-3.96	-15.98
-3.96	-15.98
-3.975	-16.2
-3.985	-16.42
-4.005	-16.66
-4.0	-16.64
-4.0200000000000005	-16.86
-4.035	-17.1
-4.045	-17.34
-4.045	-17.34
-4.0600000000000005	-17.56
-4.075	-17.8
-4.09	-18.02
-4.09	-18.02
-4.1	-18.26
-4.115	-18.48
-4.13	-18.72
-4.13	-18.72
-4.14	-18.96
-4.155	-19.18
-4.17	-19.42
-4.17	-19.42
-4.1850000000000005	-19.66
-4.195	-19.900000000000002
-4.21	-20.12
-4.21	-20.14
-4.22	-20.240000000000002
-4.24	-20.240000000000002
-4.24	-20.240000000000002
