0.01	0.02
0.22	0.02
0.41000000000000003	0.02
0.61	0.02
0.8200000000000001	0.02
1.02	0.04
1.22	0.02
1.42	0.02
1.62	0.02
1.82	0.04
2.02	0.02
2.23	0.02
2.42	0.02
2.62	0.02
2.82	0.02
3.02	0.02
3.22	0.02
3.42	0.04
3.63	0.06
3.8200000000000003	0.06
4.0200000000000005	0.1
4.2	0.3
4.39	0.32
4.57	0.38
4.7700000000000005	0.42
5.03	0.42
5.22	0.54
5.43	0.72
5.48	0.84
5.79	1.08
6.03	1.4000000000000001
6.19	1.6
6.2700000000000005	1.82
6.53	2.32
6.74	2.82
6.95	3.42
7.15	4.08
7.36	4.82
7.59	5.78
7.7700000000000005	6.640000000000001
7.98	7.7
8.18	8.94
8.39	10.34
8.6	11.88
8.81	13.66
9.03	15.700000000000001
9.24	17.900000000000002
9.44	20.12
9.64	20.22
