0.005	0.02
0.005	0.02
0.005	0.02
0.005	0.02
0.005	0.04
0.005	0.04
0.005	0.02
0.005	0.02
0.0	0.04
0.0	0.02
-0.05	0.02
-0.11	0.02
-0.11	0.02
-0.135	0.02
-0.16	0.02
-0.19	0.04
-0.19	0.02
-0.22	0.02
-0.25	0.04
-0.28	0.02
-0.28	0.02
-0.31	0.02
-0.34	0.02
-0.375	0.02
-0.375	0.02
-0.405	0.02
-0.44	0.02
-0.465	0.04
-0.47000000000000003	0.02
-0.5	0.02
-0.53	0.02
-0.5650000000000001	0.02
-0.5650000000000001	0.02
-0.595	0.02
-0.625	0.02
-0.66	0.02
-0.66	0.02
-0.6950000000000001	0.02
-0.725	0.04
-0.755	0.02
-0.755	0.02
-0.79	0.02
-0.8200000000000001	0.04
-0.85	0.02
-0.85	0.02
-0.885	0.02
-0.915	0.02
-0.9500000000000001	0.02
-0.9450000000000001	0.02
-0.975	0.04
-1.01	0.02
-1.01	0.04
-1.045	0.02
-1.075	0.02
-1.105	0.02
-1.1	0.02
-1.1400000000000001	0.02
-1.165	0.02
-1.19	0.02
-1.195	0.02
-1.225	0.02
-1.2550000000000001	0.02
-1.29	0.04
-1.285	0.02
-1.32	0.02
-1.35	0.02
-1.385	0.02
-1.385	0.02
-1.415	0.02
-1.445	0.02
-1.48	0.02
-1.48	0.02
-1.5150000000000001	0.02
-1.545	0.02
-1.575	0.0
-1.575	0.02
-1.605	0.0
-1.635	0.0
-1.67	-0.02
-1.67	-0.02
-1.7	-0.02
-1.73	-0.04
-1.76	-0.04
-1.76	-0.06
-1.79	-0.06
-1.825	-0.08
-1.85	-0.1
-1.85	-0.1
-1.885	-0.12
-1.9100000000000001	-0.16
-1.94	-0.18
-1.945	-0.18
-1.97	-0.22
-1.995	-0.26
-2.0300000000000002	-0.3
-2.0300000000000002	-0.3
-2.055	-0.34
-2.085	-0.38
-2.11	-0.44
-2.11	-0.44
-2.14	-0.5
-2.165	-0.56
-2.165	-0.56
-2.19	-0.62
-2.215	-0.68
-2.245	-0.78
-2.24	-0.78
-2.27	-0.86
-2.29	-0.9400000000000001
-2.315	-1.04
-2.315	-1.04
-2.345	-1.12
-2.365	-1.24
-2.3850000000000002	-1.34
-2.3850000000000002	-1.34
-2.41	-1.46
-2.43	-1.58
-2.455	-1.7
-2.455	-1.7
-2.475	-1.82
-2.495	-1.96
-2.52	-2.08
-2.515	-2.08
-2.54	-2.24
-2.56	-2.38
-2.58	-2.52
-2.58	-2.52
-2.6	-2.68
-2.62	-2.84
-2.64	-2.98
-2.64	-2.98
-2.6550000000000002	-3.14
-2.68	-3.3000000000000003
-2.7	-3.46
-2.7	-3.44
-2.715	-3.6
-2.74	-3.74
-2.7600000000000002	-3.88
-2.7600000000000002	-3.88
-2.7800000000000002	-4.0200000000000005
-2.8000000000000003	-4.16
-2.82	-4.3
-2.825	-4.3
-2.845	-4.44
-2.865	-4.58
-2.8850000000000002	-4.72
-2.8850000000000002	-4.72
-2.9050000000000002	-4.86
-2.93	-5.0
-2.945	-5.16
-2.95	-5.16
-2.97	-5.28
-2.99	-5.44
-2.995	-5.44
-3.0100000000000002	-5.58
-3.0300000000000002	-5.72
-3.0500000000000003	-5.88
-3.0500000000000003	-5.86
-3.0700000000000003	-6.0200000000000005
-3.09	-6.18
-3.115	-6.32
-3.11	-6.34
-3.13	-6.48
-3.15	-6.640000000000001
-3.17	-6.8
-3.17	-6.8
-3.19	-6.96
-3.21	-7.12
-3.23	-7.28
-3.23	-7.28
-3.25	-7.46
-3.265	-7.62
-3.285	-7.8
-3.285	-7.8
-3.305	-7.96
-3.3200000000000003	-8.14
-3.34	-8.3
-3.34	-8.3
-3.36	-8.48
-3.375	-8.66
-3.395	-8.82
-3.395	-8.82
-3.415	-9.0
-3.43	-9.18
-3.4450000000000003	-9.36
-3.4450000000000003	-9.36
-3.465	-9.540000000000001
-3.48	-9.76
-3.5	-9.92
-3.5	-9.92
-3.515	-10.120000000000001
-3.535	-10.3
-3.5500000000000003	-10.5
-3.5500000000000003	-10.5
-3.565	-10.68
-3.585	-10.9
-3.6	-11.08
-3.6	-11.08
-3.615	-11.28
-3.63	-11.48
-3.65	-11.66
-3.65	-11.68
-3.665	-11.86
-3.68	-12.08
-3.68	-12.08
-3.6950000000000003	-12.280000000000001
-3.715	-12.48
-3.73	-12.700000000000001
-3.73	-12.68
-3.74	-12.9
-3.7600000000000002	-13.1
-3.775	-13.32
-3.775	-13.32
-3.79	-13.540000000000001
-3.805	-13.76
-3.8200000000000003	-13.96
-3.825	-13.96
-3.835	-14.18
-3.85	-14.38
-3.865	-14.6
-3.865	-14.620000000000001
-3.88	-14.82
-3.895	-15.040000000000001
-3.91	-15.26
-3.91	-15.26
-3.9250000000000003	-15.46
-3.94	-15.700000000000001
-3.95	-15.9
-3.955	-15.9
-3.97	-16.12
-3.985	-16.36
-4.0	-16.580000000000002
-3.995	-16.580000000000002
-4.01	-16.8
-4.025	-17.02
-4.04	-17.28
-4.04	-17.26
-4.05	-17.48
-4.07	-17.7
-4.08	-17.94
-4.08	-17.94
-4.095	-18.18
-4.11	-18.38
-4.125	-18.64
-4.125	-18.64
-4.14	-18.88
-4.15	-19.1
-4.16	-19.32
-4.16	-19.32
-4.175	-19.56
-4.19	-19.8
-4.205	-20.02
-4.2	-20.02
-4.215	-20.240000000000002
-4.23	-20.240000000000002
-4.23	-20.240000000000002
