0.005	0.02
0.005	0.04
0.005	0.04
0.005	0.04
0.005	0.02
0.005	0.02
0.005	0.04
0.005	0.04
0.005	0.02
-0.045	0.04
-0.11	0.02
-0.135	0.02
-0.135	0.04
-0.165	0.02
-0.19	0.02
-0.22	0.02
-0.25	0.04
-0.25	0.02
-0.28	0.04
-0.315	0.02
-0.34500000000000003	0.04
-0.375	0.02
-0.405	0.02
-0.405	0.02
-0.435	0.02
-0.47000000000000003	0.02
-0.5	0.02
-0.535	0.02
-0.5650000000000001	0.02
-0.5650000000000001	0.02
-0.595	0.04
-0.625	0.02
-0.66	0.02
-0.6900000000000001	0.02
-0.6900000000000001	0.02
-0.72	0.02
-0.755	0.04
-0.79	0.02
-0.8250000000000001	0.02
-0.85	0.02
-0.85	0.02
-0.88	0.02
-0.915	0.02
-0.9450000000000001	0.02
-0.98	0.02
-1.01	0.02
-1.01	0.02
-1.045	0.02
-1.075	0.02
-1.105	0.02
-1.1400000000000001	0.02
-1.135	0.02
-1.165	0.04
-1.195	0.04
-1.225	0.04
-1.2550000000000001	0.04
-1.285	0.04
-1.29	0.04
-1.32	0.02
-1.35	0.02
-1.385	0.04
-1.415	0.02
-1.45	0.04
-1.445	0.04
-1.48	0.02
-1.51	0.02
-1.545	0.02
-1.575	0.02
-1.575	0.04
-1.605	0.02
-1.6400000000000001	0.02
-1.675	0.02
-1.705	0.04
-1.735	0.04
-1.735	0.04
-1.77	0.04
-1.8	0.02
-1.835	0.02
-1.865	0.02
-1.9000000000000001	0.02
-1.895	0.02
-1.93	0.02
-1.96	0.02
-1.99	0.02
-2.025	0.02
-2.025	0.04
-2.055	0.02
-2.085	0.02
-2.12	0.04
-2.15	0.04
-2.18	0.04
-2.18	0.02
-2.215	0.02
-2.245	0.02
-2.2800000000000002	0.02
-2.31	0.02
-2.34	0.02
-2.345	0.02
-2.375	0.02
-2.4050000000000002	0.02
-2.44	0.02
-2.475	0.02
-2.475	0.04
-2.505	0.04
-2.535	0.02
-2.565	0.02
-2.595	0.0
-2.625	0.0
-2.625	-0.02
-2.6550000000000002	-0.04
-2.685	-0.06
-2.715	-0.1
-2.745	-0.14
-2.775	-0.18
-2.775	-0.18
-2.8000000000000003	-0.24
-2.83	-0.3
-2.855	-0.34
-2.8850000000000002	-0.42
-2.88	-0.42
-2.91	-0.48
-2.935	-0.56
-2.96	-0.64
-2.985	-0.72
-3.0100000000000002	-0.8
-3.0100000000000002	-0.8
-3.035	-0.9
-3.06	-0.98
-3.085	-1.08
-3.105	-1.18
-3.13	-1.3
-3.13	-1.28
-3.1550000000000002	-1.4000000000000001
-3.18	-1.52
-3.2	-1.6400000000000001
-3.22	-1.76
-3.225	-1.76
-3.245	-1.8800000000000001
-3.27	-2.0
-3.29	-2.14
-3.31	-2.2800000000000002
-3.33	-2.42
-3.33	-2.42
-3.35	-2.56
-3.37	-2.7
-3.39	-2.86
-3.41	-3.0
-3.43	-3.16
-3.4250000000000003	-3.16
-3.45	-3.3000000000000003
-3.47	-3.48
-3.49	-3.64
-3.5100000000000002	-3.7800000000000002
-3.5100000000000002	-3.8000000000000003
-3.5300000000000002	-3.98
-3.5500000000000003	-4.14
-3.565	-4.32
-3.585	-4.48
-3.605	-4.66
-3.6	-4.66
-3.625	-4.84
-3.6350000000000002	-5.0
-3.6550000000000002	-5.2
-3.6750000000000003	-5.38
-3.69	-5.5600000000000005
-3.69	-5.5600000000000005
-3.705	-5.74
-3.725	-5.92
-3.745	-6.12
-3.7600000000000002	-6.3
-3.7600000000000002	-6.32
-3.775	-6.5
-3.79	-6.68
-3.81	-6.9
-3.825	-7.1000000000000005
-3.84	-7.28
-3.845	-7.3
-3.86	-7.5
-3.875	-7.7
-3.89	-7.9
-3.91	-8.1
-3.9250000000000003	-8.32
-3.9250000000000003	-8.32
-3.94	-8.52
-3.955	-8.72
-3.97	-8.94
-3.985	-9.14
-3.985	-9.14
-4.0	-9.36
-4.015	-9.58
-4.03	-9.8
-4.045	-10.0
-4.065	-10.22
-4.065	-10.22
-4.08	-10.46
-4.095	-10.66
-4.105	-10.88
-4.125	-11.1
-4.14	-11.32
-4.135	-11.32
-4.155	-11.540000000000001
-4.165	-11.76
-4.18	-12.0
-4.195	-12.22
-4.195	-12.22
-4.21	-12.44
-4.225	-12.66
-4.24	-12.9
-4.255	-13.14
-4.265	-13.34
-4.265	-13.36
-4.28	-13.58
-4.295	-13.82
-4.3100000000000005	-14.06
-4.325	-14.280000000000001
-4.335	-14.52
-4.335	-14.52
-4.3500000000000005	-14.74
-4.365	-15.0
-4.38	-15.22
-4.39	-15.46
-4.39	-15.46
-4.405	-15.700000000000001
-4.415	-15.94
-4.4350000000000005	-16.18
-4.445	-16.42
-4.455	-16.66
-4.46	-16.66
-4.47	-16.9
-4.485	-17.14
-4.5	-17.38
-4.51	-17.64
-4.525	-17.900000000000002
-4.525	-17.900000000000002
-4.54	-18.12
-4.55	-18.36
-4.565	-18.6
-4.575	-18.86
-4.58	-18.86
-4.59	-19.1
-4.6000000000000005	-19.34
-4.615	-19.6
-4.625	-19.84
-4.64	-20.080000000000002
-4.64	-20.080000000000002
-4.65	-20.240000000000002
-4.665	-20.240000000000002
-4.68	-20.240000000000002
-4.69	-20.240000000000002
-4.705	-20.240000000000002
-4.7	-20.240000000000002
-4.715	-20.240000000000002
-4.73	-20.240000000000002
-4.74	-20.240000000000002
-4.75	-20.240000000000002
-4.75	-20.240000000000002
