0.005	0.04
0.005	0.02
0.005	0.02
0.005	0.02
0.005	0.02
0.005	0.02
0.005	0.04
0.0	0.02
0.0	0.02
-0.05	0.02
-0.11	0.04
-0.135	0.02
-0.135	0.02
-0.16	0.02
-0.19	0.02
-0.22	0.02
-0.25	0.02
-0.25	0.02
-0.28	0.02
-0.315	0.02
-0.34500000000000003	0.02
-0.375	0.02
-0.405	0.02
-0.405	0.04
-0.44	0.02
-0.47000000000000003	0.02
-0.5	0.02
-0.53	0.02
-0.5650000000000001	0.02
-0.5650000000000001	0.02
-0.595	0.04
-0.625	0.02
-0.66	0.02
-0.6900000000000001	0.02
-0.6950000000000001	0.02
-0.72	0.02
-0.755	0.04
-0.785	0.02
-0.8200000000000001	0.02
-0.855	0.02
-0.85	0.02
-0.88	0.02
-0.91	0.02
-0.9450000000000001	0.02
-0.975	0.02
-1.01	0.02
-1.01	0.02
-1.045	0.02
-1.075	0.02
-1.105	0.02
-1.135	0.02
-1.135	0.02
-1.165	0.02
-1.195	0.02
-1.225	0.02
-1.2550000000000001	0.02
-1.29	0.02
-1.29	0.02
-1.325	0.04
-1.35	0.02
-1.385	0.02
-1.415	0.02
-1.445	0.04
-1.45	0.02
-1.48	0.02
-1.51	0.02
-1.545	0.04
-1.575	0.04
-1.575	0.02
-1.605	0.02
-1.6400000000000001	0.02
-1.67	0.02
-1.705	0.02
-1.735	0.02
-1.735	0.02
-1.7650000000000001	0.02
-1.8	0.04
-1.835	0.02
-1.865	0.04
-1.895	0.02
-1.895	0.02
-1.93	0.02
-1.96	0.02
-1.99	0.02
-2.025	0.02
-2.025	0.02
-2.055	0.04
-2.09	0.02
-2.12	0.02
-2.15	0.04
-2.18	0.02
-2.185	0.02
-2.215	0.02
-2.245	0.02
-2.2800000000000002	0.02
-2.31	0.02
-2.345	0.02
-2.345	0.02
-2.375	0.02
-2.4050000000000002	0.02
-2.44	0.02
-2.47	0.04
-2.47	0.02
-2.5	0.02
-2.535	0.02
-2.57	0.02
-2.595	0.0
-2.625	0.0
-2.625	-0.02
-2.6550000000000002	-0.04
-2.685	-0.06
-2.715	-0.1
-2.745	-0.14
-2.77	-0.2
-2.77	-0.2
-2.8000000000000003	-0.24
-2.83	-0.3
-2.855	-0.36
-2.8850000000000002	-0.4
-2.88	-0.42
-2.91	-0.48
-2.935	-0.56
-2.96	-0.64
-2.985	-0.7000000000000001
-3.015	-0.8
-3.0100000000000002	-0.8
-3.035	-0.88
-3.06	-0.98
-3.085	-1.08
-3.105	-1.18
-3.1350000000000002	-1.3
-3.13	-1.3
-3.1550000000000002	-1.4000000000000001
-3.1750000000000003	-1.5
-3.205	-1.6400000000000001
-3.225	-1.76
-3.225	-1.76
-3.245	-1.8800000000000001
-3.265	-2.02
-3.2800000000000002	-2.14
-3.31	-2.2800000000000002
-3.33	-2.42
-3.33	-2.42
-3.35	-2.56
-3.37	-2.7
-3.39	-2.86
-3.41	-3.0
-3.43	-3.16
-3.435	-3.16
-3.45	-3.3200000000000003
-3.475	-3.48
-3.49	-3.66
-3.5100000000000002	-3.8000000000000003
-3.5100000000000002	-3.8200000000000003
-3.5300000000000002	-3.98
-3.5500000000000003	-4.16
-3.5700000000000003	-4.32
-3.585	-4.5
-3.605	-4.66
-3.605	-4.66
-3.625	-4.84
-3.64	-5.0200000000000005
-3.6550000000000002	-5.2
-3.68	-5.4
-3.69	-5.58
-3.6950000000000003	-5.58
-3.71	-5.76
-3.725	-5.94
-3.745	-6.140000000000001
-3.7600000000000002	-6.34
-3.7600000000000002	-6.34
-3.775	-6.5200000000000005
-3.795	-6.72
-3.815	-6.92
-3.825	-7.12
-3.845	-7.32
-3.845	-7.32
-3.86	-7.5200000000000005
-3.875	-7.72
-3.89	-7.92
-3.91	-8.120000000000001
-3.9250000000000003	-8.34
-3.93	-8.34
-3.94	-8.540000000000001
-3.955	-8.76
-3.975	-8.94
-3.99	-9.16
-3.985	-9.16
-4.005	-9.38
-4.0200000000000005	-9.6
-4.03	-9.8
-4.045	-10.040000000000001
-4.065	-10.24
-4.065	-10.26
-4.08	-10.48
-4.095	-10.700000000000001
-4.11	-10.9
-4.125	-11.14
-4.14	-11.36
-4.14	-11.36
-4.155	-11.58
-4.17	-11.8
-4.1850000000000005	-12.040000000000001
-4.2	-12.26
-4.2	-12.26
-4.21	-12.48
-4.225	-12.700000000000001
-4.24	-12.94
-4.255	-13.18
-4.2700000000000005	-13.4
-4.2700000000000005	-13.4
-4.285	-13.620000000000001
-4.3	-13.86
-4.3100000000000005	-14.1
-4.325	-14.34
-4.335	-14.58
-4.34	-14.56
-4.3500000000000005	-14.8
-4.365	-15.040000000000001
-4.385	-15.280000000000001
-4.3950000000000005	-15.5
-4.3950000000000005	-15.52
-4.41	-15.76
-4.42	-16.0
-4.4350000000000005	-16.22
-4.45	-16.48
-4.46	-16.7
-4.46	-16.72
-4.4750000000000005	-16.96
-4.49	-17.2
-4.5	-17.46
-4.515	-17.7
-4.5200000000000005	-17.96
-4.53	-17.94
-4.54	-18.18
-4.55	-18.44
-4.565	-18.68
-4.58	-18.92
-4.58	-18.92
-4.595	-19.18
-4.605	-19.42
-4.62	-19.66
-4.63	-19.92
-4.6450000000000005	-20.16
-4.6450000000000005	-20.16
-4.655	-20.240000000000002
-4.665	-20.240000000000002
-4.68	-20.240000000000002
-4.69	-20.240000000000002
-4.705	-20.240000000000002
-4.705	-20.240000000000002
-4.72	-20.240000000000002
-4.735	-20.240000000000002
-4.745	-20.240000000000002
-4.755	-20.240000000000002
-4.755	-20.240000000000002
