0.005	0.02
0.005	0.04
0.005	0.04
0.005	0.02
0.005	0.02
0.005	0.02
0.005	0.02
0.0	0.02
0.0	0.02
-0.03	0.04
-0.105	0.04
-0.13	0.02
-0.135	0.02
-0.16	0.04
-0.185	0.04
-0.215	0.02
-0.245	0.04
-0.245	0.02
-0.275	0.04
-0.31	0.04
-0.34	0.02
-0.37	0.04
-0.4	0.04
-0.4	0.02
-0.435	0.02
-0.465	0.04
-0.5	0.04
-0.53	0.02
-0.56	0.04
-0.56	0.04
-0.595	0.04
-0.62	0.02
-0.655	0.02
-0.6900000000000001	0.02
-0.685	0.02
-0.72	0.02
-0.75	0.02
-0.785	0.04
-0.8200000000000001	0.02
-0.85	0.02
-0.85	0.02
-0.88	0.02
-0.91	0.04
-0.9450000000000001	0.02
-0.975	0.04
-1.0050000000000001	0.02
-1.0050000000000001	0.02
-1.04	0.02
-1.07	0.02
-1.1	0.02
-1.135	0.02
-1.135	0.04
-1.165	0.02
-1.19	0.02
-1.22	0.04
-1.2550000000000001	0.0
-1.285	0.04
-1.285	0.02
-1.315	0.04
-1.35	0.04
-1.3800000000000001	0.02
-1.41	0.02
-1.445	0.02
-1.445	0.04
-1.475	0.04
-1.51	0.02
-1.54	0.02
-1.575	0.02
-1.57	0.02
-1.605	0.04
-1.635	0.02
-1.665	0.04
-1.7	0.04
-1.73	0.02
-1.73	0.04
-1.7650000000000001	0.02
-1.795	0.04
-1.83	0.04
-1.865	0.04
-1.895	0.04
-1.895	0.02
-1.925	0.02
-1.96	0.02
-1.99	0.04
-2.02	0.04
-2.02	0.04
-2.055	0.02
-2.085	0.02
-2.12	0.02
-2.145	0.04
-2.18	0.04
-2.18	0.02
-2.21	0.04
-2.245	0.04
-2.2800000000000002	0.02
-2.31	0.04
-2.34	0.04
-2.345	0.02
-2.375	0.02
-2.4050000000000002	0.04
-2.435	0.04
-2.47	0.02
-2.47	0.02
-2.5	0.04
-2.5300000000000002	0.02
-2.565	0.02
-2.59	0.0
-2.625	-0.02
-2.625	-0.02
-2.6550000000000002	-0.04
-2.685	-0.06
-2.715	-0.1
-2.74	-0.14
-2.77	-0.18
-2.77	-0.18
-2.8000000000000003	-0.22
-2.83	-0.28
-2.855	-0.34
-2.88	-0.38
-2.88	-0.38
-2.9050000000000002	-0.46
-2.935	-0.54
-2.96	-0.6
-2.985	-0.68
-3.015	-0.76
-3.0100000000000002	-0.76
-3.035	-0.86
-3.06	-0.9400000000000001
-3.085	-1.04
-3.105	-1.1400000000000001
-3.13	-1.24
-3.1350000000000002	-1.24
-3.1550000000000002	-1.36
-3.18	-1.46
-3.2	-1.58
-3.225	-1.7
-3.225	-1.7
-3.245	-1.84
-3.27	-1.96
-3.29	-2.1
-3.31	-2.22
-3.33	-2.36
-3.335	-2.36
-3.355	-2.5
-3.375	-2.66
-3.395	-2.8000000000000003
-3.415	-2.94
-3.435	-3.1
-3.435	-3.1
-3.46	-3.24
-3.475	-3.42
-3.495	-3.56
-3.515	-3.74
-3.515	-3.74
-3.535	-3.9
-3.555	-4.08
-3.5700000000000003	-4.24
-3.595	-4.42
-3.605	-4.58
-3.61	-4.58
-3.63	-4.76
-3.645	-4.94
-3.665	-5.12
-3.68	-5.3
-3.7	-5.48
-3.7	-5.48
-3.715	-5.68
-3.735	-5.84
-3.75	-6.04
-3.77	-6.24
-3.77	-6.24
-3.785	-6.42
-3.805	-6.62
-3.8200000000000003	-6.82
-3.84	-7.0200000000000005
-3.85	-7.22
-3.85	-7.22
-3.87	-7.42
-3.8850000000000002	-7.62
-3.9	-7.84
-3.92	-8.02
-3.935	-8.22
-3.935	-8.26
-3.95	-8.44
-3.9650000000000003	-8.64
-3.98	-8.86
-4.0	-9.06
-4.0	-9.06
-4.01	-9.28
-4.03	-9.5
-4.045	-9.700000000000001
-4.0600000000000005	-9.92
-4.075	-10.14
-4.075	-10.14
-4.09	-10.36
-4.105	-10.58
-4.12	-10.8
-4.135	-11.02
-4.15	-11.24
-4.15	-11.24
-4.165	-11.46
-4.1850000000000005	-11.68
-4.195	-11.9
-4.21	-12.16
-4.21	-12.14
-4.225	-12.36
-4.235	-12.6
-4.255	-12.82
-4.2700000000000005	-13.040000000000001
-4.285	-13.280000000000001
-4.285	-13.280000000000001
-4.3	-13.52
-4.3100000000000005	-13.74
-4.325	-13.98
-4.34	-14.200000000000001
-4.355	-14.44
-4.355	-14.44
-4.365	-14.68
-4.385	-14.92
-4.3950000000000005	-15.14
-4.41	-15.38
-4.41	-15.4
-4.425	-15.620000000000001
-4.4350000000000005	-15.860000000000001
-4.45	-16.1
-4.465	-16.34
-4.48	-16.580000000000002
-4.4750000000000005	-16.580000000000002
-4.49	-16.82
-4.505	-17.080000000000002
-4.515	-17.32
-4.53	-17.56
-4.545	-17.82
-4.545	-17.82
-4.555	-18.06
-4.57	-18.3
-4.585	-18.54
-4.6000000000000005	-18.8
-4.6000000000000005	-18.8
-4.61	-19.04
-4.625	-19.28
-4.64	-19.54
-4.65	-19.78
-4.66	-20.02
-4.66	-20.02
-4.675	-20.240000000000002
-4.6850000000000005	-20.240000000000002
-4.7	-20.240000000000002
-4.71	-20.240000000000002
-4.7250000000000005	-20.240000000000002
-4.7250000000000005	-20.240000000000002
-4.74	-20.240000000000002
-4.75	-20.240000000000002
-4.76	-20.240000000000002
-4.775	-20.240000000000002
-4.775	-20.240000000000002
