0.005	0.02
0.005	0.04
0.005	0.0
0.01	0.02
0.005	0.02
0.005	0.0
0.01	0.02
0.005	0.02
0.005	0.02
0.005	0.02
0.01	0.04
0.01	0.02
0.05	0.48
0.05	0.48
0.09	0.88
0.09	0.88
0.115	1.1
0.115	1.12
0.13	1.26
0.13	1.28
0.145	1.42
0.145	1.44
0.16	1.58
0.16	1.56
0.17500000000000002	1.74
0.17500000000000002	1.72
0.19	1.8800000000000001
0.19	1.8800000000000001
0.20500000000000002	2.06
0.20500000000000002	2.04
0.225	2.2
0.225	2.22
0.24	2.38
0.24	2.38
0.26	2.56
0.255	2.56
0.275	2.74
0.275	2.74
0.29	2.9
0.295	2.9
0.31	3.08
0.31	3.06
0.33	3.24
0.33	3.24
0.34500000000000003	3.42
0.34500000000000003	3.42
0.365	3.58
0.365	3.58
0.38	3.7600000000000002
0.38	3.7600000000000002
0.395	3.92
0.395	3.92
0.41500000000000004	4.1
0.435	4.26
0.435	4.26
0.45	4.44
0.45	4.44
0.47000000000000003	4.6000000000000005
0.47000000000000003	4.6000000000000005
0.49	4.78
0.49	4.78
0.505	4.94
0.505	4.94
0.52	5.12
0.525	5.12
0.545	5.3
0.545	5.28
0.56	5.46
0.56	5.46
0.58	5.62
0.58	5.62
0.6	5.8
0.6	5.8
0.615	5.98
0.615	5.96
0.635	6.140000000000001
0.635	6.140000000000001
0.655	6.3
0.65	6.28
0.675	6.46
0.67	6.48
0.6900000000000001	6.640000000000001
0.6900000000000001	6.62
0.705	6.78
0.705	6.8
0.725	6.94
0.725	6.94
0.74	7.12
0.74	7.1000000000000005
0.76	7.26
0.76	7.26
0.775	7.42
0.78	7.42
0.795	7.58
0.795	7.58
0.8200000000000001	7.76
0.8150000000000001	7.76
0.835	7.92
0.835	7.92
0.85	8.08
0.85	8.1
0.87	8.26
0.87	8.26
0.89	8.42
0.905	8.58
0.915	8.58
0.925	8.76
0.925	8.74
0.9450000000000001	8.9
0.9450000000000001	8.9
0.965	9.06
0.96	9.06
0.98	9.22
0.985	9.24
1.0	9.4
1.0	9.4
1.02	9.56
1.02	9.56
1.04	9.72
1.04	9.72
1.06	9.88
1.055	9.88
1.08	10.040000000000001
1.075	10.02
1.095	10.18
1.095	10.18
1.115	10.36
1.115	10.34
1.135	10.5
1.135	10.52
1.155	10.66
1.155	10.68
1.17	10.82
1.175	10.84
1.195	11.0
1.19	11.0
1.21	11.16
1.215	11.16
1.23	11.32
1.225	11.32
1.25	11.48
1.25	11.46
1.27	11.64
1.2650000000000001	11.64
1.29	11.8
1.285	11.8
1.305	11.96
1.305	11.96
1.325	12.1
1.325	12.1
1.345	12.26
1.345	12.26
1.365	12.42
1.365	12.42
1.385	12.56
1.405	12.72
1.4000000000000001	12.74
1.425	12.9
1.42	12.88
1.445	13.040000000000001
1.44	13.040000000000001
1.46	13.200000000000001
1.46	13.200000000000001
1.48	13.36
1.48	13.34
1.5	13.52
1.5	13.52
1.52	13.68
1.52	13.66
1.54	13.82
1.5350000000000001	13.82
1.56	13.96
1.555	13.96
1.58	14.120000000000001
1.575	14.120000000000001
1.595	14.280000000000001
1.6	14.280000000000001
1.615	14.44
1.62	14.44
1.635	14.58
1.635	14.58
1.655	14.74
1.655	14.74
1.675	14.9
1.675	14.9
1.695	15.040000000000001
1.695	15.040000000000001
1.715	15.200000000000001
1.715	15.18
1.735	15.34
1.74	15.34
1.7550000000000001	15.5
1.7550000000000001	15.5
1.7750000000000001	15.66
1.7750000000000001	15.66
1.795	15.8
1.795	15.8
1.815	15.96
1.815	15.96
1.835	16.1
1.835	16.1
1.85	16.26
1.855	16.26
1.87	16.4
1.87	16.4
1.8900000000000001	16.54
1.9100000000000001	16.7
1.9100000000000001	16.7
1.93	16.84
1.93	16.86
1.95	17.0
1.95	17.0
1.975	17.14
1.97	17.16
1.99	17.3
1.99	17.3
2.0100000000000002	17.44
2.0100000000000002	17.44
2.0300000000000002	17.580000000000002
2.0300000000000002	17.580000000000002
2.05	17.740000000000002
2.05	17.740000000000002
2.07	17.88
2.07	17.88
2.09	18.04
2.095	18.02
2.11	18.18
2.115	18.18
2.1350000000000002	18.32
2.13	18.34
2.15	18.48
2.15	18.48
2.17	18.62
2.1750000000000003	18.64
2.19	18.76
2.19	18.76
2.21	18.900000000000002
2.21	18.900000000000002
2.23	19.04
2.23	19.06
2.255	19.2
2.25	19.2
2.27	19.34
2.27	19.34
2.295	19.48
2.295	19.48
2.31	19.62
2.315	19.62
2.33	19.78
2.33	19.76
2.35	19.92
2.35	19.900000000000002
2.375	20.06
2.375	20.06
2.39	20.2
2.39	20.2
