0.005	0.02
0.005	0.02
0.005	0.02
0.005	0.02
0.01	0.02
0.01	0.02
0.005	0.02
0.01	0.02
0.005	0.02
0.005	0.02
0.005	0.02
0.01	0.04
0.05	0.48
0.05	0.48
0.09	0.88
0.09	0.88
0.115	1.1
0.115	1.12
0.13	1.28
0.13	1.26
0.145	1.42
0.145	1.42
0.155	1.56
0.16	1.56
0.17500000000000002	1.74
0.17500000000000002	1.72
0.19	1.9000000000000001
0.19	1.9000000000000001
0.20500000000000002	2.06
0.21	2.06
0.225	2.2
0.22	2.22
0.24	2.38
0.24	2.38
0.26	2.56
0.255	2.56
0.275	2.72
0.275	2.72
0.295	2.9
0.295	2.9
0.31	3.06
0.31	3.06
0.325	3.24
0.33	3.24
0.35000000000000003	3.42
0.34500000000000003	3.42
0.36	3.58
0.365	3.56
0.38	3.74
0.38	3.74
0.4	3.92
0.4	3.92
0.42	4.1
0.435	4.26
0.435	4.26
0.45	4.44
0.455	4.44
0.47000000000000003	4.6000000000000005
0.47000000000000003	4.6000000000000005
0.49	4.78
0.49	4.76
0.505	4.94
0.505	4.94
0.525	5.12
0.525	5.12
0.545	5.28
0.545	5.28
0.56	5.46
0.5650000000000001	5.46
0.58	5.62
0.58	5.62
0.6	5.8
0.6	5.8
0.615	5.96
0.62	5.96
0.635	6.140000000000001
0.635	6.140000000000001
0.655	6.3
0.655	6.3
0.67	6.46
0.67	6.46
0.6900000000000001	6.62
0.6900000000000001	6.640000000000001
0.71	6.78
0.705	6.78
0.725	6.94
0.725	6.94
0.745	7.1000000000000005
0.74	7.1000000000000005
0.755	7.26
0.76	7.26
0.775	7.42
0.775	7.42
0.795	7.58
0.8	7.58
0.8150000000000001	7.76
0.8150000000000001	7.76
0.835	7.92
0.8300000000000001	7.92
0.85	8.1
0.855	8.1
0.87	8.26
0.87	8.24
0.89	8.42
0.91	8.58
0.91	8.58
0.93	8.74
0.93	8.76
0.9450000000000001	8.9
0.9450000000000001	8.9
0.965	9.08
0.965	9.06
0.985	9.24
0.985	9.22
1.0050000000000001	9.38
1.0	9.4
1.02	9.540000000000001
1.02	9.540000000000001
1.04	9.72
1.04	9.700000000000001
1.06	9.86
1.06	9.88
1.08	10.040000000000001
1.075	10.040000000000001
1.1	10.18
1.095	10.18
1.115	10.34
1.115	10.34
1.1300000000000001	10.5
1.1400000000000001	10.52
1.155	10.68
1.155	10.68
1.17	10.82
1.175	10.84
1.19	11.0
1.195	11.0
1.21	11.16
1.215	11.16
1.23	11.32
1.23	11.32
1.245	11.46
1.25	11.46
1.27	11.620000000000001
1.27	11.64
1.29	11.78
1.285	11.78
1.31	11.96
1.31	11.96
1.325	12.1
1.325	12.1
1.345	12.26
1.345	12.26
1.37	12.42
1.365	12.42
1.385	12.58
1.405	12.72
1.4000000000000001	12.72
1.425	12.88
1.425	12.88
1.445	13.040000000000001
1.445	13.040000000000001
1.46	13.200000000000001
1.46	13.200000000000001
1.48	13.36
1.48	13.36
1.5	13.52
1.5	13.52
1.52	13.66
1.52	13.66
1.54	13.82
1.54	13.82
1.56	13.96
1.56	13.96
1.58	14.120000000000001
1.58	14.120000000000001
1.595	14.280000000000001
1.6	14.26
1.62	14.42
1.62	14.44
1.635	14.58
1.635	14.58
1.6600000000000001	14.74
1.655	14.74
1.675	14.88
1.675	14.88
1.695	15.040000000000001
1.695	15.02
1.715	15.18
1.715	15.18
1.735	15.34
1.735	15.34
1.7550000000000001	15.5
1.7550000000000001	15.5
1.7750000000000001	15.64
1.7750000000000001	15.64
1.795	15.8
1.795	15.8
1.815	15.94
1.815	15.94
1.835	16.1
1.835	16.1
1.855	16.240000000000002
1.855	16.240000000000002
1.875	16.4
1.875	16.38
1.895	16.56
1.915	16.7
1.915	16.68
1.935	16.84
1.935	16.84
1.955	17.0
1.955	17.0
1.975	17.14
1.975	17.14
1.99	17.28
1.99	17.3
2.015	17.42
2.015	17.44
2.035	17.580000000000002
2.035	17.580000000000002
2.055	17.72
2.055	17.72
2.07	17.88
2.07	17.86
2.095	18.02
2.095	18.02
2.115	18.16
2.115	18.16
2.1350000000000002	18.32
2.1350000000000002	18.32
2.1550000000000002	18.46
2.1550000000000002	18.46
2.1750000000000003	18.62
2.1750000000000003	18.62
2.195	18.76
2.195	18.76
2.215	18.900000000000002
2.21	18.900000000000002
2.235	19.04
2.235	19.04
2.255	19.2
2.255	19.2
2.275	19.34
2.275	19.34
2.295	19.48
2.295	19.48
2.315	19.62
2.315	19.62
2.335	19.76
2.335	19.76
2.355	19.900000000000002
2.355	19.900000000000002
2.375	20.04
2.375	20.04
2.395	20.2
2.395	20.2
