0.005	0.04
0.005	0.04
0.005	0.04
0.01	0.04
0.005	0.02
0.005	0.02
0.01	0.02
0.005	0.04
0.0	0.02
-0.035	0.04
-0.105	0.04
-0.13	0.04
-0.135	0.02
-0.16	0.02
-0.19	0.02
-0.215	0.02
-0.245	0.02
-0.245	0.02
-0.28	0.04
-0.31	0.02
-0.34	0.02
-0.37	0.04
-0.4	0.02
-0.405	0.02
-0.435	0.04
-0.465	0.02
-0.5	0.04
-0.53	0.02
-0.56	0.02
-0.56	0.04
-0.59	0.02
-0.62	0.04
-0.655	0.02
-0.685	0.04
-0.685	0.02
-0.72	0.04
-0.75	0.02
-0.785	0.02
-0.8150000000000001	0.02
-0.845	0.04
-0.845	0.02
-0.88	0.02
-0.91	0.02
-0.9450000000000001	0.02
-0.975	0.02
-1.0050000000000001	0.02
-1.0050000000000001	0.02
-1.04	0.04
-1.07	0.02
-1.1	0.04
-1.135	0.02
-1.135	0.02
-1.165	0.02
-1.19	0.04
-1.22	0.02
-1.25	0.02
-1.285	0.02
-1.285	0.02
-1.315	0.02
-1.35	0.02
-1.3800000000000001	0.02
-1.41	0.04
-1.445	0.04
-1.445	0.04
-1.475	0.02
-1.51	0.04
-1.54	0.04
-1.575	0.04
-1.57	0.02
-1.605	0.04
-1.635	0.04
-1.67	0.02
-1.7	0.04
-1.735	0.04
-1.735	0.02
-1.7650000000000001	0.02
-1.8	0.02
-1.83	0.04
-1.865	0.04
-1.895	0.02
-1.8900000000000001	0.02
-1.925	0.04
-1.955	0.02
-1.99	0.02
-2.02	0.02
-2.02	0.04
-2.055	0.04
-2.085	0.04
-2.115	0.04
-2.15	0.04
-2.18	0.02
-2.18	0.04
-2.21	0.02
-2.245	0.02
-2.275	0.02
-2.305	0.04
-2.34	0.02
-2.34	0.04
-2.375	0.02
-2.4050000000000002	0.04
-2.435	0.02
-2.47	0.02
-2.47	0.02
-2.5	0.02
-2.5300000000000002	0.02
-2.565	0.0
-2.595	0.0
-2.62	-0.02
-2.625	0.0
-2.6550000000000002	-0.04
-2.68	-0.06
-2.71	-0.1
-2.74	-0.14
-2.77	-0.18
-2.77	-0.18
-2.8000000000000003	-0.22
-2.825	-0.26
-2.855	-0.34
-2.88	-0.38
-2.88	-0.4
-2.91	-0.46
-2.935	-0.52
-2.96	-0.6
-2.985	-0.68
-3.0100000000000002	-0.76
-3.015	-0.76
-3.035	-0.84
-3.06	-0.9400000000000001
-3.085	-1.04
-3.105	-1.1400000000000001
-3.1350000000000002	-1.24
-3.1350000000000002	-1.24
-3.1550000000000002	-1.36
-3.1750000000000003	-1.46
-3.2	-1.58
-3.225	-1.72
-3.225	-1.7
-3.245	-1.84
-3.27	-1.96
-3.29	-2.08
-3.315	-2.22
-3.33	-2.36
-3.335	-2.38
-3.355	-2.5
-3.375	-2.64
-3.395	-2.8000000000000003
-3.415	-2.96
-3.435	-3.1
-3.435	-3.1
-3.455	-3.24
-3.475	-3.42
-3.495	-3.56
-3.515	-3.74
-3.515	-3.74
-3.535	-3.9
-3.555	-4.08
-3.5700000000000003	-4.24
-3.59	-4.42
-3.61	-4.58
-3.61	-4.58
-3.625	-4.76
-3.645	-4.94
-3.665	-5.12
-3.685	-5.3
-3.7	-5.48
-3.7	-5.48
-3.715	-5.68
-3.735	-5.86
-3.75	-6.04
-3.765	-6.24
-3.77	-6.24
-3.785	-6.42
-3.8000000000000003	-6.62
-3.8200000000000003	-6.82
-3.84	-7.0200000000000005
-3.85	-7.22
-3.85	-7.22
-3.87	-7.42
-3.8850000000000002	-7.62
-3.9	-7.82
-3.915	-8.02
-3.935	-8.22
-3.935	-8.24
-3.95	-8.44
-3.9650000000000003	-8.64
-3.98	-8.86
-4.0	-9.06
-3.995	-9.06
-4.015	-9.26
-4.025	-9.48
-4.045	-9.700000000000001
-4.0600000000000005	-9.94
-4.075	-10.14
-4.075	-10.14
-4.09	-10.36
-4.105	-10.58
-4.12	-10.8
-4.135	-11.0
-4.15	-11.24
-4.15	-11.24
-4.165	-11.46
-4.18	-11.68
-4.195	-11.9
-4.21	-12.14
-4.21	-12.120000000000001
-4.225	-12.36
-4.24	-12.58
-4.255	-12.8
-4.2700000000000005	-13.06
-4.285	-13.280000000000001
-4.285	-13.26
-4.295	-13.5
-4.3100000000000005	-13.74
-4.325	-13.98
-4.34	-14.200000000000001
-4.3500000000000005	-14.44
-4.3500000000000005	-14.44
-4.365	-14.66
-4.38	-14.9
-4.3950000000000005	-15.14
-4.41	-15.38
-4.41	-15.38
-4.425	-15.620000000000001
-4.4350000000000005	-15.860000000000001
-4.45	-16.1
-4.46	-16.34
-4.4750000000000005	-16.56
-4.4750000000000005	-16.580000000000002
-4.49	-16.82
-4.505	-17.06
-4.515	-17.32
-4.53	-17.56
-4.545	-17.8
-4.545	-17.82
-4.555	-18.04
-4.57	-18.3
-4.585	-18.54
-4.595	-18.8
-4.595	-18.78
-4.61	-19.02
-4.62	-19.28
-4.635	-19.54
-4.65	-19.78
-4.66	-20.02
-4.66	-20.0
-4.67	-20.240000000000002
-4.6850000000000005	-20.240000000000002
-4.7	-20.240000000000002
-4.715	-20.240000000000002
-4.7250000000000005	-20.240000000000002
-4.7250000000000005	-20.240000000000002
-4.735	-20.240000000000002
-4.75	-20.240000000000002
-4.76	-20.240000000000002
-4.775	-20.240000000000002
-4.775	-20.240000000000002
