0.01	0.02
0.22	0.02
0.42	0.02
0.62	0.02
0.8200000000000001	0.02
1.02	0.02
1.22	0.02
1.42	0.02
1.62	0.02
1.82	0.02
2.02	0.02
2.23	0.02
2.42	0.02
2.62	0.02
2.82	0.02
3.0300000000000002	0.02
3.22	0.04
3.42	0.04
3.63	0.04
3.83	0.04
4.03	0.06
4.23	0.08
4.43	0.1
4.61	0.28
4.79	0.32
4.97	0.36
5.15	0.4
5.34	0.48
5.61	0.54
5.76	0.66
6.0200000000000005	0.8
6.13	0.9400000000000001
6.32	1.16
6.61	1.52
6.73	1.6600000000000001
7.03	2.2600000000000002
7.13	2.52
7.32	2.96
7.61	3.68
7.71	4.0
7.91	4.66
8.13	5.48
8.33	6.38
8.540000000000001	7.4
8.75	8.540000000000001
8.97	9.86
9.19	11.36
9.42	13.120000000000001
9.64	14.96
9.84	16.8
10.05	18.68
10.11	20.22
