0.005	0.02
0.005	0.02
0.005	0.02
0.005	0.02
0.005	0.02
0.005	0.02
0.005	0.04
0.0	0.02
0.0	0.02
-0.035	0.02
-0.105	0.0
-0.135	0.02
-0.13	0.02
-0.155	0.02
-0.185	0.04
-0.215	0.02
-0.25	0.04
-0.25	0.04
-0.28	0.02
-0.31	0.02
-0.34	0.04
-0.37	0.04
-0.405	0.04
-0.4	0.04
-0.435	0.02
-0.465	0.02
-0.5	0.02
-0.53	0.02
-0.5650000000000001	0.02
-0.56	0.02
-0.59	0.04
-0.62	0.04
-0.655	0.02
-0.685	0.02
-0.685	0.02
-0.72	0.02
-0.75	0.02
-0.785	0.02
-0.8150000000000001	0.02
-0.845	0.04
-0.85	0.04
-0.88	0.04
-0.91	0.02
-0.9450000000000001	0.02
-0.975	0.02
-1.0050000000000001	0.04
-1.0050000000000001	0.02
-1.035	0.02
-1.07	0.02
-1.105	0.02
-1.135	0.02
-1.135	0.04
-1.165	0.02
-1.195	0.02
-1.22	0.02
-1.2550000000000001	0.02
-1.28	0.04
-1.28	0.02
-1.315	0.04
-1.35	0.02
-1.3800000000000001	0.02
-1.41	0.02
-1.445	0.02
-1.445	0.02
-1.475	0.02
-1.5050000000000001	0.02
-1.54	0.04
-1.575	0.04
-1.57	0.02
-1.605	0.02
-1.635	0.02
-1.67	0.02
-1.7	0.02
-1.73	0.02
-1.73	0.02
-1.7650000000000001	0.02
-1.795	0.02
-1.83	0.04
-1.86	0.02
-1.895	0.02
-1.895	0.02
-1.925	0.02
-1.96	0.0
-1.985	0.02
-2.02	0.02
-2.02	0.02
-2.055	0.02
-2.085	0.04
-2.115	0.02
-2.145	0.02
-2.18	0.02
-2.18	0.02
-2.21	0.02
-2.24	0.02
-2.275	0.02
-2.31	0.02
-2.345	0.02
-2.34	0.02
-2.37	0.04
-2.4050000000000002	0.04
-2.435	0.02
-2.47	0.04
-2.47	0.02
-2.5	0.02
-2.5300000000000002	0.02
-2.56	0.02
-2.595	0.0
-2.62	0.0
-2.625	-0.02
-2.6550000000000002	-0.04
-2.685	-0.06
-2.715	-0.1
-2.745	-0.12
-2.77	-0.18
-2.77	-0.16
-2.795	-0.22
-2.83	-0.28
-2.855	-0.34
-2.88	-0.38
-2.88	-0.4
-2.91	-0.46
-2.935	-0.54
-2.96	-0.6
-2.985	-0.68
-3.0100000000000002	-0.78
-3.0100000000000002	-0.76
-3.035	-0.86
-3.06	-0.9400000000000001
-3.085	-1.04
-3.11	-1.1400000000000001
-3.1350000000000002	-1.24
-3.1350000000000002	-1.24
-3.1550000000000002	-1.36
-3.18	-1.46
-3.2	-1.58
-3.225	-1.7
-3.23	-1.7
-3.245	-1.84
-3.27	-1.96
-3.29	-2.08
-3.315	-2.22
-3.335	-2.36
-3.335	-2.36
-3.355	-2.5
-3.375	-2.66
-3.395	-2.8000000000000003
-3.415	-2.94
-3.435	-3.1
-3.435	-3.1
-3.455	-3.24
-3.475	-3.42
-3.495	-3.58
-3.515	-3.74
-3.515	-3.74
-3.535	-3.9
-3.555	-4.08
-3.5700000000000003	-4.24
-3.59	-4.42
-3.61	-4.58
-3.61	-4.58
-3.63	-4.76
-3.645	-4.94
-3.665	-5.12
-3.68	-5.3
-3.7	-5.5
-3.7	-5.48
-3.715	-5.66
-3.735	-5.86
-3.75	-6.04
-3.77	-6.24
-3.77	-6.24
-3.785	-6.44
-3.805	-6.6000000000000005
-3.8200000000000003	-6.82
-3.835	-7.04
-3.85	-7.22
-3.855	-7.22
-3.87	-7.42
-3.8850000000000002	-7.62
-3.9050000000000002	-7.84
-3.92	-8.040000000000001
-3.93	-8.24
-3.935	-8.24
-3.95	-8.44
-3.9650000000000003	-8.66
-3.98	-8.86
-4.0	-9.06
-4.0	-9.06
-4.015	-9.28
-4.03	-9.5
-4.045	-9.700000000000001
-4.0600000000000005	-9.94
-4.075	-10.14
-4.075	-10.14
-4.09	-10.38
-4.105	-10.58
-4.12	-10.8
-4.14	-11.02
-4.15	-11.26
-4.15	-11.24
-4.17	-11.46
-4.18	-11.700000000000001
-4.2	-11.92
-4.21	-12.14
-4.21	-12.14
-4.225	-12.36
-4.24	-12.6
-4.255	-12.82
-4.2700000000000005	-13.06
-4.28	-13.280000000000001
-4.285	-13.280000000000001
-4.3	-13.52
-4.315	-13.74
-4.325	-13.98
-4.345	-14.22
-4.355	-14.46
-4.355	-14.46
-4.37	-14.68
-4.385	-14.92
-4.3950000000000005	-15.16
-4.41	-15.4
-4.41	-15.4
-4.425	-15.64
-4.44	-15.860000000000001
-4.45	-16.1
-4.465	-16.36
-4.4750000000000005	-16.6
-4.4750000000000005	-16.580000000000002
-4.495	-16.84
-4.505	-17.080000000000002
-4.5200000000000005	-17.32
-4.53	-17.580000000000002
-4.545	-17.84
-4.545	-17.84
-4.5600000000000005	-18.06
-4.57	-18.32
-4.585	-18.56
-4.6000000000000005	-18.82
-4.595	-18.8
-4.61	-19.04
-4.625	-19.3
-4.64	-19.54
-4.65	-19.8
-4.665	-20.04
-4.665	-20.04
-4.675	-20.240000000000002
-4.6850000000000005	-20.240000000000002
-4.7	-20.240000000000002
-4.715	-20.240000000000002
-4.72	-20.240000000000002
-4.7250000000000005	-20.240000000000002
-4.74	-20.240000000000002
-4.75	-20.240000000000002
-4.765	-20.240000000000002
-4.775	-20.240000000000002
-4.775	-20.240000000000002
