0.01	0.02
0.21	0.02
0.41000000000000003	0.02
0.61	0.0
0.81	0.02
1.02	0.04
1.22	0.02
1.42	0.02
1.62	0.02
1.82	0.02
2.02	0.04
2.23	0.02
2.43	0.02
2.62	0.02
2.82	0.02
3.02	0.02
3.22	0.02
3.43	0.04
3.62	0.04
3.83	0.06
4.03	0.06
4.22	0.2
4.42	0.24
4.61	0.28
4.8	0.32
5.01	0.36
5.17	0.42
5.36	0.48
5.5600000000000005	0.52
5.82	0.6
6.03	0.78
6.23	1.0
6.43	1.22
6.63	1.48
6.82	1.8
7.03	2.22
7.22	2.64
7.3	2.7800000000000002
7.49	3.2800000000000002
7.7	3.88
7.890000000000001	4.54
8.1	5.3
8.31	6.18
8.51	7.16
8.72	8.28
8.950000000000001	9.64
9.16	11.02
9.39	12.74
9.620000000000001	14.620000000000001
9.84	16.68
10.040000000000001	18.66
10.11	20.22
