0.01	0.02
0.21	0.02
0.42	0.02
0.62	0.02
0.8200000000000001	0.02
1.02	0.02
1.22	0.02
1.42	0.02
1.62	0.02
1.82	0.02
2.02	0.02
2.22	0.02
2.42	0.02
2.62	0.04
2.82	0.02
3.02	0.02
3.22	0.02
3.43	0.02
3.63	0.04
3.83	0.06
4.03	0.06
4.22	0.12
4.42	0.24
4.61	0.28
4.8	0.3
5.0	0.34
5.18	0.42
5.37	0.46
5.57	0.54
5.83	0.62
6.03	0.8
6.22	0.96
6.42	1.18
6.63	1.5
6.82	1.8
7.0200000000000005	2.24
7.23	2.66
7.3	2.8000000000000003
7.49	3.3000000000000003
7.69	3.88
7.890000000000001	4.54
8.1	5.32
8.31	6.22
8.51	7.2
8.73	8.32
8.94	9.6
9.16	11.06
9.39	12.780000000000001
9.620000000000001	14.68
9.84	16.72
10.05	18.72
10.11	20.22
