0.005	0.04
0.005	0.02
0.005	0.02
0.005	0.04
0.005	0.02
0.005	0.04
0.005	0.02
0.005	0.04
0.005	0.04
0.0	0.02
-0.04	0.04
-0.105	0.04
-0.105	0.02
-0.135	0.04
-0.16	0.02
-0.185	0.02
-0.19	0.04
-0.22	0.02
-0.25	0.04
-0.28	0.04
-0.28	0.04
-0.31	0.04
-0.34	0.04
-0.37	0.0
-0.375	0.02
-0.405	0.04
-0.435	0.04
-0.47000000000000003	0.04
-0.465	0.02
-0.5	0.02
-0.535	0.04
-0.56	0.02
-0.56	0.04
-0.595	0.04
-0.63	0.02
-0.655	0.04
-0.655	0.02
-0.6900000000000001	0.02
-0.72	0.02
-0.755	0.02
-0.755	0.04
-0.785	0.02
-0.8200000000000001	0.02
-0.85	0.04
-0.85	0.04
-0.885	0.04
-0.915	0.04
-0.9450000000000001	0.02
-0.9450000000000001	0.02
-0.98	0.02
-1.01	0.04
-1.01	0.04
-1.04	0.04
-1.075	0.02
-1.105	0.02
-1.1	0.02
-1.135	0.02
-1.17	0.04
-1.19	0.02
-1.195	0.02
-1.22	0.02
-1.2550000000000001	0.04
-1.285	0.04
-1.285	0.02
-1.32	0.02
-1.35	0.02
-1.3800000000000001	0.04
-1.385	0.04
-1.415	0.02
-1.445	0.04
-1.48	0.04
-1.48	0.02
-1.51	0.02
-1.54	0.02
-1.575	0.02
-1.575	0.02
-1.605	0.02
-1.635	0.02
-1.665	0.02
-1.665	0.02
-1.7	0.0
-1.735	-0.02
-1.76	-0.02
-1.76	0.0
-1.795	-0.02
-1.83	-0.04
-1.855	-0.04
-1.855	-0.06
-1.885	-0.06
-1.915	-0.08
-1.95	-0.1
-1.945	-0.1
-1.98	-0.14
-2.005	-0.16
-2.04	-0.18
-2.035	-0.18
-2.065	-0.22
-2.09	-0.26
-2.125	-0.3
-2.12	-0.3
-2.15	-0.34
-2.1750000000000003	-0.4
-2.18	-0.4
-2.2	-0.46
-2.23	-0.52
-2.2600000000000002	-0.58
-2.2600000000000002	-0.58
-2.285	-0.66
-2.31	-0.74
-2.335	-0.8
-2.335	-0.8200000000000001
-2.36	-0.9
-2.3850000000000002	-1.0
-2.41	-1.1
-2.4050000000000002	-1.08
-2.435	-1.2
-2.455	-1.3
-2.475	-1.42
-2.48	-1.42
-2.5	-1.56
-2.525	-1.68
-2.54	-1.8
-2.545	-1.8
-2.565	-1.94
-2.585	-2.08
-2.61	-2.24
-2.605	-2.22
-2.63	-2.38
-2.65	-2.54
-2.67	-2.66
-2.67	-2.66
-2.69	-2.8000000000000003
-2.715	-2.96
-2.735	-3.1
-2.735	-3.08
-2.755	-3.22
-2.775	-3.36
-2.8000000000000003	-3.48
-2.8000000000000003	-3.48
-2.82	-3.62
-2.845	-3.74
-2.865	-3.88
-2.865	-3.88
-2.8850000000000002	-4.0
-2.9050000000000002	-4.14
-2.93	-4.28
-2.93	-4.28
-2.95	-4.42
-2.975	-4.5600000000000005
-2.995	-4.7
-2.995	-4.7
-3.015	-4.84
-3.04	-4.98
-3.035	-4.98
-3.06	-5.12
-3.08	-5.28
-3.1	-5.42
-3.1	-5.42
-3.12	-5.58
-3.14	-5.74
-3.16	-5.86
-3.16	-5.88
-3.18	-6.04
-3.2	-6.2
-3.22	-6.36
-3.225	-6.36
-3.24	-6.5200000000000005
-3.2600000000000002	-6.68
-3.2800000000000002	-6.84
-3.2800000000000002	-6.84
-3.3000000000000003	-7.0200000000000005
-3.3200000000000003	-7.2
-3.34	-7.36
-3.335	-7.36
-3.355	-7.54
-3.375	-7.7
-3.395	-7.88
-3.395	-7.88
-3.415	-8.06
-3.43	-8.24
-3.45	-8.42
-3.4450000000000003	-8.42
-3.465	-8.6
-3.485	-8.76
-3.5	-8.98
-3.505	-8.96
-3.515	-9.16
-3.535	-9.34
-3.555	-9.540000000000001
-3.555	-9.540000000000001
-3.5700000000000003	-9.72
-3.585	-9.94
-3.605	-10.120000000000001
-3.605	-10.120000000000001
-3.625	-10.32
-3.64	-10.52
-3.6550000000000002	-10.72
-3.6550000000000002	-10.72
-3.6750000000000003	-10.92
-3.69	-11.120000000000001
-3.705	-11.32
-3.705	-11.32
-3.725	-11.540000000000001
-3.735	-11.74
-3.735	-11.74
-3.75	-11.94
-3.77	-12.16
-3.785	-12.36
-3.785	-12.36
-3.8000000000000003	-12.58
-3.815	-12.8
-3.83	-13.02
-3.835	-13.02
-3.85	-13.22
-3.865	-13.46
-3.88	-13.66
-3.88	-13.66
-3.895	-13.88
-3.91	-14.1
-3.9250000000000003	-14.34
-3.9250000000000003	-14.32
-3.94	-14.540000000000001
-3.96	-14.780000000000001
-3.97	-15.0
-3.97	-14.98
-3.985	-15.22
-4.0	-15.44
-4.015	-15.66
-4.01	-15.66
-4.025	-15.88
-4.04	-16.12
-4.0600000000000005	-16.34
-4.0600000000000005	-16.34
-4.075	-16.580000000000002
-4.085	-16.82
-4.1	-17.06
-4.1	-17.06
-4.115	-17.28
-4.13	-17.52
-4.1450000000000005	-17.740000000000002
-4.1450000000000005	-17.76
-4.16	-18.0
-4.17	-18.22
-4.1850000000000005	-18.46
-4.1850000000000005	-18.46
-4.2	-18.7
-4.215	-18.92
-4.225	-19.16
-4.23	-19.18
-4.24	-19.400000000000002
-4.255	-19.64
-4.2700000000000005	-19.900000000000002
-4.2700000000000005	-19.900000000000002
-4.285	-20.14
-4.295	-20.240000000000002
-4.295	-20.240000000000002
