0.01	0.02
0.22	0.02
0.42	0.02
0.62	0.04
0.8200000000000001	0.02
1.02	0.02
1.22	0.02
1.42	0.04
1.62	0.02
1.83	0.02
2.02	0.02
2.22	0.04
2.42	0.02
2.62	0.02
2.82	0.02
3.02	0.02
3.22	0.02
3.42	0.04
3.62	0.02
3.83	0.04
4.0200000000000005	0.06
4.22	0.14
4.42	0.24
4.61	0.28
4.8100000000000005	0.3
5.0	0.36
5.18	0.42
5.36	0.46
5.55	0.54
5.82	0.62
6.03	0.8
6.23	1.02
6.43	1.2
6.63	1.44
6.82	1.8
7.03	2.2600000000000002
7.2	2.58
7.3	2.8000000000000003
7.5	3.3000000000000003
7.69	3.88
7.890000000000001	4.54
8.1	5.3
8.3	6.18
8.51	7.18
8.72	8.28
8.950000000000001	9.6
9.16	11.040000000000001
9.39	12.74
9.620000000000001	14.64
9.85	16.68
10.040000000000001	18.68
10.11	20.22
