0.01	0.02
0.01	0.02
0.005	0.02
0.005	0.02
0.01	0.02
0.005	0.02
0.005	0.02
0.005	0.02
0.005	0.02
0.01	0.02
0.005	0.04
0.005	0.04
0.055	0.5
0.055	0.5
0.095	0.88
0.095	0.9
0.115	1.12
0.115	1.12
0.13	1.28
0.13	1.28
0.145	1.44
0.145	1.44
0.155	1.58
0.16	1.58
0.17500000000000002	1.74
0.18	1.74
0.19	1.9000000000000001
0.19	1.9000000000000001
0.21	2.06
0.21	2.06
0.225	2.22
0.225	2.22
0.245	2.4
0.245	2.4
0.26	2.58
0.26	2.58
0.275	2.7600000000000002
0.275	2.7600000000000002
0.295	2.92
0.295	2.92
0.315	3.1
0.31	3.08
0.33	3.2600000000000002
0.33	3.2600000000000002
0.35000000000000003	3.44
0.35000000000000003	3.44
0.365	3.6
0.365	3.6
0.385	3.7800000000000002
0.385	3.7800000000000002
0.4	3.94
0.4	3.94
0.42	4.12
0.435	4.28
0.44	4.28
0.455	4.46
0.455	4.46
0.47500000000000003	4.64
0.47500000000000003	4.62
0.49	4.8
0.495	4.8
0.51	4.96
0.51	4.98
0.53	5.16
0.53	5.14
0.545	5.32
0.55	5.32
0.5650000000000001	5.5
0.5650000000000001	5.5
0.585	5.66
0.585	5.66
0.605	5.84
0.6	5.84
0.62	6.0
0.62	6.0
0.64	6.18
0.64	6.16
0.655	6.32
0.655	6.32
0.675	6.5
0.68	6.5
0.6950000000000001	6.66
0.6950000000000001	6.66
0.715	6.82
0.71	6.82
0.725	6.98
0.73	6.96
0.745	7.140000000000001
0.75	7.140000000000001
0.765	7.3
0.765	7.3
0.785	7.46
0.78	7.46
0.8	7.62
0.8	7.62
0.8200000000000001	7.8
0.8200000000000001	7.8
0.84	7.96
0.84	7.96
0.86	8.120000000000001
0.86	8.120000000000001
0.875	8.28
0.875	8.3
0.9	8.46
0.915	8.620000000000001
0.915	8.620000000000001
0.935	8.78
0.935	8.78
0.9500000000000001	8.94
0.9500000000000001	8.94
0.97	9.1
0.97	9.1
0.99	9.28
0.99	9.26
1.01	9.44
1.01	9.44
1.03	9.6
1.025	9.6
1.045	9.76
1.045	9.76
1.065	9.92
1.065	9.92
1.085	10.06
1.085	10.08
1.1	10.22
1.1	10.24
1.12	10.4
1.12	10.4
1.145	10.56
1.1400000000000001	10.56
1.16	10.72
1.165	10.72
1.18	10.88
1.18	10.88
1.2	11.040000000000001
1.2	11.040000000000001
1.22	11.200000000000001
1.215	11.200000000000001
1.24	11.36
1.235	11.36
1.2550000000000001	11.52
1.2550000000000001	11.5
1.2750000000000001	11.68
1.2750000000000001	11.68
1.295	11.84
1.295	11.84
1.315	12.0
1.315	12.0
1.335	12.14
1.335	12.14
1.355	12.32
1.35	12.32
1.375	12.46
1.375	12.46
1.3900000000000001	12.620000000000001
1.41	12.780000000000001
1.41	12.780000000000001
1.435	12.94
1.43	12.94
1.45	13.1
1.45	13.08
1.47	13.24
1.47	13.26
1.49	13.4
1.49	13.42
1.51	13.56
1.51	13.56
1.53	13.72
1.5250000000000001	13.72
1.55	13.88
1.55	13.86
1.565	14.02
1.57	14.02
1.59	14.18
1.585	14.18
1.61	14.32
1.61	14.34
1.625	14.48
1.625	14.48
1.645	14.64
1.645	14.64
1.665	14.8
1.665	14.8
1.685	14.94
1.685	14.94
1.705	15.08
1.705	15.08
1.725	15.24
1.725	15.24
1.745	15.4
1.745	15.4
1.7650000000000001	15.56
1.7650000000000001	15.56
1.7850000000000001	15.700000000000001
1.7850000000000001	15.72
1.805	15.860000000000001
1.805	15.860000000000001
1.825	16.02
1.825	16.02
1.845	16.14
1.845	16.16
1.865	16.3
1.865	16.3
1.885	16.46
1.885	16.44
1.905	16.62
1.925	16.76
1.925	16.76
1.945	16.9
1.945	16.9
1.965	17.04
1.965	17.04
1.99	17.2
1.985	17.2
2.005	17.34
2.005	17.34
2.025	17.5
2.025	17.5
2.045	17.64
2.045	17.64
2.065	17.8
2.065	17.78
2.085	17.94
2.085	17.94
2.105	18.1
2.105	18.1
2.125	18.22
2.125	18.240000000000002
2.145	18.38
2.145	18.38
2.17	18.52
2.165	18.52
2.19	18.68
2.19	18.68
2.205	18.8
2.205	18.82
2.225	18.98
2.225	18.96
2.245	19.1
2.245	19.1
2.265	19.26
2.265	19.26
2.29	19.400000000000002
2.285	19.38
2.305	19.54
2.305	19.54
2.325	19.68
2.325	19.68
2.345	19.82
2.345	19.84
2.365	19.96
2.365	19.98
2.39	20.12
2.39	20.12
2.4050000000000002	20.22
2.41	20.22
