0.02	0.02
0.21	0.02
0.42	0.04
0.62	0.02
0.8200000000000001	0.02
1.02	0.02
1.22	0.02
1.42	0.02
1.62	0.02
1.82	0.02
2.02	0.02
2.22	0.02
2.42	0.02
2.63	0.04
2.82	0.04
3.02	0.02
3.22	0.02
3.42	0.02
3.62	0.04
3.83	0.04
4.03	0.06
4.22	0.1
4.42	0.24
4.61	0.28
4.8	0.32
5.0	0.36
5.17	0.42
5.37	0.48
5.59	0.52
5.83	0.62
6.03	0.8200000000000001
6.23	1.0
6.43	1.22
6.63	1.5
6.82	1.78
7.0200000000000005	2.24
7.22	2.64
7.3	2.84
7.5	3.3200000000000003
7.7	3.92
7.890000000000001	4.58
8.09	5.34
8.290000000000001	6.22
8.52	7.2
8.72	8.32
8.94	9.6
9.16	11.1
9.39	12.780000000000001
9.620000000000001	14.700000000000001
9.84	16.740000000000002
10.05	18.76
10.11	20.22
