0.005	0.02
0.005	0.02
0.005	0.02
0.01	0.02
0.005	0.04
0.01	0.02
0.005	0.02
0.005	0.02
0.01	0.02
0.01	0.02
0.005	0.04
0.005	0.04
0.05	0.5
0.05	0.5
0.09	0.9
0.09	0.9
0.115	1.12
0.11	1.12
0.13	1.28
0.13	1.28
0.14	1.44
0.14	1.44
0.16	1.58
0.155	1.58
0.17500000000000002	1.74
0.17500000000000002	1.74
0.19	1.92
0.19	1.9000000000000001
0.20500000000000002	2.06
0.20500000000000002	2.06
0.22	2.24
0.22	2.24
0.24	2.42
0.24	2.42
0.255	2.6
0.255	2.58
0.275	2.7600000000000002
0.275	2.7600000000000002
0.29	2.92
0.29	2.94
0.31	3.1
0.31	3.1
0.325	3.2800000000000002
0.325	3.2800000000000002
0.34500000000000003	3.46
0.34500000000000003	3.46
0.355	3.6
0.355	3.62
0.38	3.8000000000000003
0.375	3.8000000000000003
0.395	3.96
0.395	3.98
0.41000000000000003	4.14
0.43	4.3
0.43	4.3
0.45	4.48
0.445	4.48
0.465	4.66
0.465	4.66
0.48	4.82
0.485	4.82
0.5	4.98
0.5	5.0
0.52	5.18
0.52	5.18
0.54	5.34
0.54	5.34
0.555	5.5200000000000005
0.555	5.5200000000000005
0.5750000000000001	5.68
0.5750000000000001	5.68
0.59	5.86
0.595	5.86
0.61	6.04
0.61	6.04
0.63	6.2
0.63	6.2
0.645	6.36
0.645	6.36
0.66	6.54
0.665	6.54
0.68	6.7
0.68	6.7
0.7000000000000001	6.86
0.7000000000000001	6.86
0.715	7.0200000000000005
0.72	7.0200000000000005
0.735	7.18
0.735	7.18
0.75	7.34
0.75	7.34
0.77	7.5
0.77	7.5200000000000005
0.79	7.66
0.785	7.68
0.805	7.84
0.805	7.84
0.8250000000000001	8.02
0.8250000000000001	8.0
0.845	8.18
0.845	8.18
0.865	8.34
0.86	8.34
0.88	8.52
0.9	8.68
0.895	8.68
0.92	8.84
0.915	8.84
0.935	9.0
0.935	9.0
0.9550000000000001	9.16
0.9550000000000001	9.16
0.975	9.32
0.97	9.34
0.99	9.5
0.99	9.5
1.01	9.66
1.01	9.66
1.03	9.84
1.03	9.84
1.05	9.98
1.045	9.98
1.065	10.14
1.065	10.14
1.085	10.3
1.085	10.3
1.1	10.48
1.1	10.48
1.12	10.64
1.12	10.64
1.1400000000000001	10.8
1.1400000000000001	10.8
1.16	10.96
1.16	10.96
1.18	11.120000000000001
1.18	11.14
1.195	11.3
1.2	11.28
1.215	11.46
1.215	11.46
1.23	11.6
1.235	11.6
1.2550000000000001	11.78
1.2550000000000001	11.76
1.2750000000000001	11.94
1.27	11.92
1.29	12.08
1.29	12.1
1.31	12.24
1.31	12.26
1.33	12.4
1.33	12.44
1.345	12.58
1.35	12.56
1.365	12.74
1.385	12.88
1.385	12.88
1.405	13.040000000000001
1.405	13.040000000000001
1.425	13.200000000000001
1.425	13.200000000000001
1.445	13.36
1.445	13.36
1.465	13.52
1.465	13.52
1.485	13.68
1.485	13.700000000000001
1.5	13.84
1.5	13.82
1.52	14.0
1.52	14.0
1.54	14.14
1.53	14.14
1.555	14.3
1.555	14.3
1.575	14.46
1.575	14.46
1.595	14.6
1.595	14.620000000000001
1.615	14.76
1.615	14.780000000000001
1.635	14.92
1.635	14.94
1.655	15.08
1.655	15.08
1.675	15.24
1.675	15.24
1.69	15.38
1.69	15.38
1.71	15.56
1.71	15.540000000000001
1.735	15.700000000000001
1.735	15.700000000000001
1.75	15.860000000000001
1.7550000000000001	15.860000000000001
1.77	16.02
1.77	16.02
1.79	16.16
1.79	16.16
1.81	16.32
1.81	16.32
1.83	16.46
1.83	16.46
1.85	16.6
1.845	16.62
1.865	16.76
1.8900000000000001	16.92
1.8900000000000001	16.92
1.905	17.080000000000002
1.9100000000000001	17.080000000000002
1.925	17.22
1.925	17.22
1.945	17.400000000000002
1.945	17.38
1.965	17.52
1.965	17.52
1.985	17.68
1.985	17.68
2.005	17.82
2.0	17.84
2.025	17.98
2.025	17.98
2.045	18.14
2.045	18.14
2.065	18.28
2.065	18.28
2.08	18.42
2.085	18.42
2.105	18.580000000000002
2.105	18.580000000000002
2.125	18.740000000000002
2.125	18.740000000000002
2.145	18.88
2.14	18.88
2.16	19.02
2.165	19.02
2.185	19.18
2.18	19.18
2.2	19.32
2.2	19.32
2.22	19.46
2.225	19.48
2.24	19.62
2.24	19.62
2.2600000000000002	19.76
2.2600000000000002	19.76
2.2800000000000002	19.92
2.2800000000000002	19.92
2.3000000000000003	20.06
2.3000000000000003	20.06
2.32	20.22
2.32	20.2
2.34	20.22
2.34	20.22
2.36	20.22
2.36	20.22
