0.01	0.2
0.01	0.2
0.01	0.2
0.16	0.2
0.2	0.2
0.25	0.2
0.31	0.2
0.37	0.2
0.43	0.2
0.5	0.2
0.56	0.2
0.61	0.2
0.68	0.2
0.77	0.2
0.8300000000000001	0.2
0.89	0.2
0.96	0.2
1.02	0.1
1.08	0.2
1.1400000000000001	0.1
1.2	0.2
1.26	0.2
1.33	0.2
1.3800000000000001	0.1
1.45	0.2
1.51	0.2
1.6	0.2
1.67	0.2
1.73	0.2
1.79	0.1
1.85	0.2
1.9100000000000001	0.2
1.97	0.1
2.04	0.2
2.1	0.2
2.16	0.2
2.22	0.2
2.29	0.2
2.34	0.2
2.43	0.2
2.5	0.30000000000000004
2.5500000000000003	0.30000000000000004
2.61	0.30000000000000004
2.68	0.30000000000000004
2.74	0.30000000000000004
2.8000000000000003	0.4
2.86	0.4
2.92	0.4
2.98	0.4
3.04	0.5
3.1	0.5
3.16	0.5
3.24	0.6000000000000001
3.31	0.7000000000000001
3.36	0.8
3.42	0.8
3.48	0.9
3.5300000000000002	0.9
3.59	1.0
3.64	1.1
3.69	1.2000000000000002
3.75	1.3
3.81	1.4000000000000001
3.86	1.5
3.95	1.7000000000000002
4.0	1.8
4.05	1.9000000000000001
4.1	2.0
4.15	2.2
4.21	2.3000000000000003
4.26	2.5
4.3100000000000005	2.6
4.36	2.8000000000000003
4.41	2.9000000000000004
4.46	3.1
4.5	3.3000000000000003
4.5600000000000005	3.6
4.62	3.8000000000000003
4.68	4.0
4.72	4.2
4.7700000000000005	4.4
4.8100000000000005	4.7
4.86	4.9
4.9	5.2
4.95	5.4
4.99	5.6000000000000005
5.04	5.9
5.08	6.2
5.12	6.4
5.17	6.7
5.22	7.1000000000000005
5.26	7.4
5.3	7.7
5.3500000000000005	8.0
5.38	8.3
5.43	8.6
5.46	8.9
5.5	9.3
5.54	9.600000000000001
5.58	10.0
5.62	10.200000000000001
5.66	10.600000000000001
5.69	11.0
5.75	11.5
5.78	11.9
5.82	12.200000000000001
5.8500000000000005	12.600000000000001
5.89	13.0
5.92	13.4
5.96	13.8
5.99	14.100000000000001
6.03	14.600000000000001
6.0600000000000005	14.9
6.09	15.3
6.12	15.700000000000001
6.17	16.400000000000002
6.2	16.8
6.23	17.2
6.2700000000000005	17.6
6.29	18.1
6.33	18.5
6.36	19.0
6.390000000000001	19.400000000000002
6.42	19.8
6.45	20.3
6.48	20.700000000000003
6.51	21.200000000000003
6.53	21.6
6.58	22.3
6.61	22.8
6.63	23.3
6.67	23.8
6.69	24.3
6.72	24.700000000000003
6.75	25.200000000000003
6.7700000000000005	25.700000000000003
6.8	26.200000000000003
6.83	26.700000000000003
6.8500000000000005	27.200000000000003
6.88	27.700000000000003
6.91	28.200000000000003
6.94	28.900000000000002
6.96	29.400000000000002
6.99	30.0
7.0200000000000005	30.5
7.05	31.0
7.07	31.5
7.09	32.0
7.12	32.6
7.140000000000001	33.1
7.16	33.6
7.19	34.1
7.21	34.7
7.23	35.2
7.2700000000000005	36.0
7.29	36.5
7.32	37.1
7.34	37.6
7.36	38.2
7.38	38.800000000000004
7.41	39.300000000000004
7.42	39.900000000000006
7.44	40.400000000000006
7.47	41.0
7.49	41.6
7.51	42.1
7.54	43.0
7.5600000000000005	43.5
7.59	44.1
7.6000000000000005	44.6
7.63	45.2
7.65	45.800000000000004
7.67	46.400000000000006
7.69	46.900000000000006
7.71	47.6
7.73	48.1
7.75	48.800000000000004
7.7700000000000005	49.300000000000004
7.79	49.900000000000006
7.82	50.800000000000004
7.83	51.400000000000006
7.8500000000000005	52.0
7.87	52.5
7.890000000000001	53.2
7.91	53.800000000000004
7.930000000000001	54.300000000000004
7.95	55.0
7.97	55.6
7.98	56.2
8.0	56.800000000000004
8.02	57.400000000000006
8.040000000000001	58.0
8.06	58.900000000000006
8.08	59.5
8.1	60.2
8.120000000000001	60.7
8.14	61.400000000000006
8.16	62.0
8.17	62.6
8.19	63.2
8.2	63.800000000000004
8.22	64.4
8.24	65.2
8.26	65.8
8.27	66.3
8.3	67.3
8.31	67.9
8.33	68.60000000000001
8.35	69.2
8.36	69.8
8.38	70.5
8.39	71.10000000000001
8.41	71.8
8.42	72.4
8.44	73.0
8.46	73.7
8.47	74.3
8.49	75.3
8.51	75.9
8.53	76.60000000000001
8.540000000000001	77.2
8.56	77.80000000000001
8.57	78.5
8.59	79.10000000000001
8.6	79.80000000000001
8.620000000000001	80.4
8.63	81.10000000000001
8.65	81.7
8.66	82.4
8.67	83.0
8.69	84.0
8.71	84.60000000000001
8.73	85.30000000000001
8.74	85.9
8.76	86.60000000000001
8.77	87.30000000000001
8.78	87.9
8.790000000000001	88.7
8.81	89.30000000000001
8.83	89.9
8.84	90.60000000000001
8.85	91.30000000000001
8.870000000000001	91.9
8.89	92.9
8.9	93.60000000000001
8.91	94.2
8.93	94.80000000000001
8.94	95.5
8.950000000000001	96.2
8.97	96.9
8.98	97.5
8.99	98.2
9.0	98.9
9.02	99.60000000000001
9.03	100.30000000000001
9.040000000000001	101.0
