0.01	0.2
0.01	0.2
0.01	0.2
0.16	0.1
0.2	0.2
0.25	0.1
0.31	0.1
0.37	0.2
0.43	0.1
0.5	0.1
0.56	0.1
0.62	0.2
0.68	0.1
0.77	0.2
0.8300000000000001	0.2
0.89	0.2
0.96	0.2
1.02	0.2
1.08	0.2
1.1500000000000001	0.2
1.2	0.2
1.26	0.2
1.32	0.2
1.3800000000000001	0.2
1.44	0.2
1.51	0.1
1.6	0.2
1.6600000000000001	0.2
1.73	0.1
1.79	0.2
1.85	0.2
1.9100000000000001	0.2
1.98	0.2
2.04	0.1
2.1	0.2
2.16	0.2
2.22	0.2
2.2800000000000002	0.2
2.34	0.2
2.43	0.30000000000000004
2.49	0.30000000000000004
2.5500000000000003	0.30000000000000004
2.62	0.30000000000000004
2.68	0.30000000000000004
2.74	0.30000000000000004
2.8000000000000003	0.30000000000000004
2.86	0.4
2.92	0.4
2.97	0.4
3.0300000000000002	0.5
3.1	0.5
3.16	0.5
3.25	0.7000000000000001
3.3000000000000003	0.7000000000000001
3.36	0.7000000000000001
3.41	0.8
3.48	0.9
3.5300000000000002	0.9
3.59	1.0
3.64	1.1
3.7	1.2000000000000002
3.7600000000000002	1.3
3.81	1.4000000000000001
3.87	1.4000000000000001
3.94	1.7000000000000002
4.0	1.8
4.05	1.9000000000000001
4.11	2.1
4.16	2.2
4.21	2.3000000000000003
4.26	2.5
4.3100000000000005	2.6
4.36	2.8000000000000003
4.41	3.0
4.46	3.2
4.5	3.3000000000000003
4.55	3.5
4.63	3.8000000000000003
4.67	4.1000000000000005
4.72	4.2
4.7700000000000005	4.4
4.82	4.7
4.86	4.9
4.91	5.1000000000000005
4.95	5.4
4.99	5.6000000000000005
5.03	5.9
5.08	6.2
5.12	6.4
5.16	6.7
5.22	7.1000000000000005
5.26	7.4
5.3100000000000005	7.7
5.3500000000000005	8.0
5.39	8.3
5.43	8.700000000000001
5.47	9.0
5.5	9.3
5.55	9.600000000000001
5.58	10.0
5.62	10.3
5.65	10.700000000000001
5.7	11.0
5.75	11.5
5.78	11.9
5.82	12.3
5.8500000000000005	12.600000000000001
5.89	13.0
5.92	13.4
5.96	13.700000000000001
5.99	14.100000000000001
6.03	14.600000000000001
6.0600000000000005	15.0
6.09	15.3
6.13	15.8
6.17	16.400000000000002
6.2	16.8
6.24	17.2
6.2700000000000005	17.7
6.3	18.1
6.33	18.5
6.36	18.900000000000002
6.390000000000001	19.400000000000002
6.42	19.8
6.45	20.3
6.48	20.700000000000003
6.5	21.200000000000003
6.53	21.700000000000003
6.58	22.400000000000002
6.61	22.8
6.63	23.3
6.66	23.8
6.69	24.3
6.72	24.700000000000003
6.75	25.200000000000003
6.78	25.700000000000003
6.8	26.200000000000003
6.83	26.700000000000003
6.8500000000000005	27.200000000000003
6.88	27.700000000000003
6.91	28.200000000000003
6.94	29.0
6.97	29.5
6.99	30.0
7.0200000000000005	30.5
7.04	31.0
7.07	31.6
7.09	32.1
7.11	32.6
7.140000000000001	33.1
7.16	33.6
7.18	34.1
7.21	34.7
7.24	35.300000000000004
7.2700000000000005	36.1
7.29	36.6
7.3100000000000005	37.1
7.34	37.7
7.36	38.300000000000004
7.38	38.800000000000004
7.4	39.300000000000004
7.43	39.900000000000006
7.44	40.400000000000006
7.47	41.1
7.49	41.6
7.51	42.2
7.55	43.0
7.57	43.6
7.58	44.2
7.61	44.7
7.62	45.300000000000004
7.65	45.900000000000006
7.67	46.400000000000006
7.69	47.0
7.71	47.6
7.72	48.2
7.75	48.800000000000004
7.76	49.300000000000004
7.79	49.900000000000006
7.8100000000000005	50.800000000000004
7.83	51.400000000000006
7.86	52.0
7.87	52.6
7.890000000000001	53.2
7.91	53.800000000000004
7.930000000000001	54.400000000000006
7.95	55.0
7.96	55.6
7.99	56.2
8.0	56.800000000000004
8.02	57.400000000000006
8.040000000000001	58.1
8.06	59.0
8.08	59.6
8.1	60.2
8.120000000000001	60.900000000000006
8.14	61.400000000000006
8.15	62.1
8.17	62.6
8.19	63.300000000000004
8.2	63.900000000000006
8.22	64.60000000000001
8.24	65.2
8.26	65.9
8.27	66.4
8.3	67.4
8.31	68.0
8.33	68.60000000000001
8.35	69.3
8.36	69.9
8.38	70.5
8.4	71.2
8.41	71.8
8.42	72.4
8.44	73.10000000000001
8.46	73.7
8.48	74.3
8.5	75.3
8.5	76.0
8.52	76.60000000000001
8.540000000000001	77.30000000000001
8.56	77.9
8.57	78.5
8.59	79.10000000000001
8.6	79.80000000000001
8.620000000000001	80.5
8.63	81.10000000000001
8.65	81.80000000000001
8.66	82.4
8.67	83.10000000000001
8.700000000000001	84.10000000000001
8.71	84.7
8.73	85.4
8.74	86.10000000000001
8.75	86.7
8.77	87.4
8.78	88.10000000000001
8.8	88.7
8.81	89.4
8.82	90.0
8.84	90.7
8.85	91.30000000000001
8.86	92.0
8.89	93.0
8.9	93.60000000000001
8.92	94.30000000000001
8.93	95.0
8.94	95.60000000000001
8.96	96.30000000000001
8.97	97.0
8.98	97.7
8.99	98.4
9.0	99.0
9.02	99.7
9.03	100.4
9.040000000000001	101.10000000000001
