0.002	0.2
0.002	0.2
0.002	0.1
0.002	0.2
0.002	0.2
0.002	0.1
0.016	0.8
0.024	1.6
0.038	2.6
0.044	2.9000000000000004
0.046	3.2
0.052000000000000005	3.5
0.058	4.0
0.062	4.3
0.068	4.6000000000000005
0.078	5.300000000000001
0.084	5.6000000000000005
0.088	5.9
0.094	6.300000000000001
0.098	6.6000000000000005
0.10400000000000001	7.0
0.108	7.300000000000001
0.11800000000000001	8.0
0.124	8.4
0.13	8.8
0.134	9.1
0.14	9.5
0.146	9.8
0.15	10.100000000000001
0.156	10.5
0.168	11.200000000000001
0.17400000000000002	11.600000000000001
0.178	12.0
0.184	12.3
0.19	12.600000000000001
0.194	13.0
0.2	13.4
0.21	14.100000000000001
0.214	14.3
0.22	14.700000000000001
0.224	15.100000000000001
0.23	15.4
0.23600000000000002	15.8
0.242	16.1
0.252	16.8
0.258	17.2
0.262	17.6
0.268	17.900000000000002
0.274	18.2
0.28	18.6
0.28400000000000003	18.900000000000002
0.29	19.400000000000002
0.3	20.0
0.306	20.400000000000002
0.312	20.700000000000003
0.318	21.1
0.322	21.400000000000002
0.328	21.8
0.334	22.3
0.34400000000000003	22.900000000000002
0.35000000000000003	23.200000000000003
0.356	23.6
0.362	23.900000000000002
0.366	24.3
0.372	24.6
0.378	25.0
0.388	25.700000000000003
0.394	26.1
0.4	26.5
0.406	26.8
0.41000000000000003	27.1
0.41600000000000004	27.5
0.422	27.8
0.434	28.5
0.438	28.900000000000002
0.444	29.3
0.45	29.6
0.456	29.900000000000002
0.462	30.3
0.466	30.700000000000003
0.47200000000000003	31.0
0.482	31.700000000000003
0.488	32.0
0.494	32.4
0.498	32.800000000000004
0.504	33.1
0.51	33.5
0.516	33.800000000000004
0.526	34.6
0.534	34.9
0.538	35.300000000000004
0.544	35.6
0.55	35.9
0.556	36.300000000000004
0.56	36.7
0.5720000000000001	37.4
0.578	37.7
0.584	38.1
0.588	38.400000000000006
0.594	38.800000000000004
0.6	39.2
0.606	39.5
0.612	39.800000000000004
0.622	40.5
0.628	40.900000000000006
0.634	41.2
0.638	41.6
0.646	42.0
0.652	42.300000000000004
0.656	42.6
0.666	43.300000000000004
0.674	43.7
0.678	44.0
0.686	44.400000000000006
0.6920000000000001	44.800000000000004
0.6960000000000001	45.1
0.7020000000000001	45.5
0.714	46.1
0.72	46.5
0.724	46.900000000000006
0.732	47.300000000000004
0.736	47.6
0.742	47.900000000000006
0.748	48.300000000000004
0.76	49.0
0.766	49.300000000000004
0.772	49.7
0.776	50.1
0.784	50.400000000000006
0.788	50.800000000000004
0.794	51.1
0.8	51.5
0.812	52.2
0.8180000000000001	52.5
0.8220000000000001	52.900000000000006
0.8280000000000001	53.2
0.834	53.5
0.84	53.900000000000006
0.846	54.300000000000004
0.858	55.0
0.864	55.300000000000004
0.87	55.7
0.876	56.0
0.88	56.400000000000006
0.888	56.7
0.894	57.1
0.904	57.800000000000004
0.91	58.2
0.916	58.5
0.922	58.800000000000004
0.928	59.2
0.934	59.5
0.9400000000000001	59.900000000000006
0.9460000000000001	60.2
0.9580000000000001	60.900000000000006
0.964	61.300000000000004
0.968	61.7
0.974	62.0
0.982	62.300000000000004
0.986	62.7
0.992	63.0
1.002	63.7
1.01	64.10000000000001
1.014	64.4
1.022	64.8
1.026	65.10000000000001
1.034	65.4
1.038	65.8
1.05	66.5
1.056	66.9
1.062	67.2
1.068	67.60000000000001
1.074	67.9
1.08	68.3
1.086	68.60000000000001
1.098	69.3
1.104	69.7
1.11	70.0
1.116	70.4
1.122	70.60000000000001
1.1280000000000001	71.0
1.1340000000000001	71.4
1.1400000000000001	71.7
1.1520000000000001	72.4
1.158	72.8
1.164	73.2
1.17	73.5
1.176	73.9
1.182	74.2
1.188	74.5
1.2	75.2
1.206	75.5
1.21	75.9
1.218	76.2
1.224	76.60000000000001
1.23	77.0
1.236	77.2
1.248	78.0
1.254	78.30000000000001
1.26	78.7
1.266	79.0
1.272	79.4
1.278	79.7
1.284	80.0
1.29	80.4
1.302	81.10000000000001
1.308	81.4
1.314	81.80000000000001
1.32	82.10000000000001
1.326	82.5
1.332	82.80000000000001
1.338	83.2
1.35	83.9
1.356	84.30000000000001
1.362	84.60000000000001
1.368	84.9
1.374	85.2
1.3800000000000001	85.60000000000001
1.3860000000000001	85.9
1.3980000000000001	86.60000000000001
1.4040000000000001	87.0
1.412	87.30000000000001
1.418	87.60000000000001
1.422	88.0
1.43	88.30000000000001
1.436	88.7
1.448	89.30000000000001
1.454	89.80000000000001
1.46	90.10000000000001
1.466	90.4
1.472	90.80000000000001
1.478	91.10000000000001
1.484	91.5
1.49	91.80000000000001
1.504	92.5
1.51	92.9
1.516	93.2
1.522	93.5
1.528	93.9
1.534	94.2
1.54	94.60000000000001
1.554	95.2
1.56	95.60000000000001
1.564	96.0
1.57	96.30000000000001
1.576	96.60000000000001
1.584	97.0
1.59	97.30000000000001
1.602	98.0
1.608	98.30000000000001
1.614	98.7
1.62	99.0
1.6260000000000001	99.4
1.6320000000000001	99.7
1.6380000000000001	100.10000000000001
1.6460000000000001	100.4
