0.01	0.2
0.01	0.2
0.01	0.2
0.01	0.2
0.01	0.2
-0.1	0.2
-0.13	0.2
-0.18	0.2
-0.21	0.2
-0.28	0.2
-0.33	0.2
-0.37	0.2
-0.43	0.2
-0.46	0.2
-0.53	0.2
-0.59	0.2
-0.62	0.2
-0.68	0.2
-0.72	0.2
-0.78	0.2
-0.84	0.2
-0.87	0.2
-0.9400000000000001	0.2
-0.97	0.2
-1.03	0.2
-1.09	0.1
-1.1300000000000001	0.2
-1.18	0.1
-1.24	0.1
-1.27	0.1
-1.32	0.1
-1.36	0.0
-1.42	0.0
-1.48	-0.1
-1.5	-0.1
-1.56	-0.30000000000000004
-1.59	-0.30000000000000004
-1.6500000000000001	-0.4
-1.7	-0.6000000000000001
-1.72	-0.7000000000000001
-1.77	-0.9
-1.79	-1.0
-1.84	-1.2000000000000002
-1.8900000000000001	-1.4000000000000001
-1.9100000000000001	-1.5
-1.95	-1.8
-1.97	-2.0
-2.0100000000000002	-2.3000000000000003
-2.05	-2.6
-2.07	-2.8000000000000003
-2.11	-3.2
-2.12	-3.3000000000000003
-2.16	-3.7
-2.2	-4.1000000000000005
-2.21	-4.4
-2.24	-4.800000000000001
-2.27	-5.2
-2.2800000000000002	-5.4
-2.31	-6.0
-2.32	-6.2
-2.35	-6.7
-2.37	-7.2
-2.39	-7.5
-2.41	-8.0
-2.43	-8.3
-2.45	-8.8
-2.47	-9.4
-2.49	-9.600000000000001
-2.5100000000000002	-10.200000000000001
-2.52	-10.5
-2.54	-11.0
-2.57	-11.600000000000001
-2.58	-11.9
-2.6	-12.4
-2.61	-12.700000000000001
-2.64	-13.200000000000001
-2.66	-13.8
-2.67	-14.0
-2.7	-14.600000000000001
-2.72	-15.100000000000001
-2.74	-15.4
-2.77	-15.9
-2.7800000000000002	-16.1
-2.8000000000000003	-16.6
-2.82	-17.2
-2.84	-17.400000000000002
-2.86	-17.900000000000002
-2.88	-18.2
-2.91	-18.7
-2.93	-19.3
-2.94	-19.5
-2.97	-20.1
-2.98	-20.400000000000002
-3.0	-20.900000000000002
-3.0300000000000002	-21.400000000000002
-3.04	-21.700000000000003
-3.0700000000000003	-22.200000000000003
-3.08	-22.5
-3.1	-23.0
-3.13	-23.6
-3.14	-23.900000000000002
-3.16	-24.400000000000002
-3.17	-24.700000000000003
-3.19	-25.200000000000003
-3.22	-25.8
-3.23	-26.0
-3.2600000000000002	-26.6
-3.27	-27.200000000000003
-3.29	-27.5
-3.31	-28.0
-3.3200000000000003	-28.3
-3.35	-28.900000000000002
-3.37	-29.400000000000002
-3.38	-29.700000000000003
-3.41	-30.3
-3.41	-30.6
-3.43	-31.1
-3.46	-31.700000000000003
-3.47	-32.0
-3.49	-32.6
-3.5	-32.9
-3.52	-33.4
-3.54	-34.0
-3.56	-34.300000000000004
-3.58	-34.9
-3.59	-35.1
-3.61	-35.7
-3.63	-36.300000000000004
-3.63	-36.6
-3.66	-37.300000000000004
-3.68	-37.800000000000004
-3.69	-38.1
-3.71	-38.7
-3.72	-38.900000000000006
-3.74	-39.6
-3.7600000000000002	-40.2
-3.77	-40.5
-3.79	-41.1
-3.8000000000000003	-41.400000000000006
-3.8200000000000003	-42.0
-3.84	-42.6
-3.85	-42.900000000000006
-3.87	-43.5
-3.88	-43.800000000000004
-3.9	-44.400000000000006
-3.92	-45.1
-3.93	-45.300000000000004
-3.95	-45.900000000000006
-3.95	-46.2
-3.97	-46.900000000000006
-3.99	-47.5
-4.0	-47.800000000000004
-4.0200000000000005	-48.5
-4.03	-48.800000000000004
-4.04	-49.400000000000006
-4.0600000000000005	-50.0
-4.08	-50.300000000000004
-4.09	-50.900000000000006
-4.11	-51.6
-4.12	-51.900000000000006
-4.14	-52.5
-4.14	-52.900000000000006
-4.16	-53.400000000000006
-4.19	-54.1
-4.2	-54.400000000000006
-4.21	-55.1
-4.22	-55.300000000000004
-4.24	-56.0
-4.25	-56.6
-4.26	-57.0
-4.28	-57.6
-4.28	-57.900000000000006
-4.3	-58.5
-4.32	-59.2
-4.33	-59.5
-4.3500000000000005	-60.1
-4.36	-60.400000000000006
-4.37	-61.0
-4.39	-61.800000000000004
-4.4	-62.1
-4.41	-62.800000000000004
-4.43	-63.400000000000006
-4.44	-63.7
-4.45	-64.4
-4.46	-64.7
-4.48	-65.3
-4.5	-66.0
-4.5	-66.3
-4.5200000000000005	-66.9
-4.5200000000000005	-67.3
-4.54	-67.9
-4.5600000000000005	-68.60000000000001
-4.5600000000000005	-68.9
-4.58	-69.60000000000001
-4.59	-69.9
-4.6000000000000005	-70.60000000000001
-4.62	-71.2
-4.63	-71.60000000000001
-4.64	-72.3
-4.65	-72.60000000000001
-4.66	-73.2
-4.68	-73.9
-4.69	-74.2
-4.7	-74.9
-4.71	-75.2
-4.72	-75.8
-4.74	-76.60000000000001
-4.74	-76.9
-4.76	-77.60000000000001
-4.7700000000000005	-78.2
-4.78	-78.7
-4.8	-79.30000000000001
-4.8100000000000005	-79.5
-4.82	-80.30000000000001
-4.84	-80.9
-4.84	-81.30000000000001
-4.8500000000000005	-81.9
-4.86	-82.2
-4.88	-82.9
-4.89	-83.60000000000001
-4.89	-84.0
-4.92	-84.7
-4.92	-85.0
-4.93	-85.60000000000001
-4.94	-86.4
-4.95	-86.7
-4.97	-87.4
-4.98	-87.7
-4.99	-88.4
-5.0	-89.10000000000001
-5.01	-89.4
-5.0200000000000005	-90.10000000000001
-5.04	-90.80000000000001
-5.04	-91.10000000000001
-5.05	-91.80000000000001
-5.07	-92.2
-5.07	-92.9
-5.09	-93.5
-5.1000000000000005	-93.9
-5.11	-94.60000000000001
-5.12	-94.9
-5.13	-95.60000000000001
-5.14	-96.30000000000001
-5.15	-96.7
-5.16	-97.30000000000001
-5.17	-97.7
-5.18	-98.30000000000001
-5.19	-99.10000000000001
-5.2	-99.4
-5.22	-100.10000000000001
-5.22	-100.4
-5.23	-101.10000000000001
-5.25	-101.2
-5.25	-101.2
-5.26	-101.2
-5.2700000000000005	-101.2
