0.0	0.2
0.01	0.2
0.01	0.2
0.01	0.2
0.01	0.2
-0.11	0.1
-0.13	0.2
-0.19	0.2
-0.22	0.2
-0.28	0.2
-0.34	0.2
-0.37	0.2
-0.43	0.2
-0.46	0.2
-0.53	0.2
-0.59	0.2
-0.62	0.2
-0.68	0.1
-0.71	0.2
-0.78	0.2
-0.84	0.2
-0.87	0.2
-0.9400000000000001	0.2
-0.97	0.2
-1.03	0.2
-1.09	0.1
-1.12	0.2
-1.18	0.2
-1.24	0.1
-1.27	0.1
-1.33	0.0
-1.36	-0.1
-1.42	0.0
-1.47	-0.1
-1.5	-0.1
-1.56	-0.2
-1.59	-0.30000000000000004
-1.6500000000000001	-0.4
-1.69	-0.6000000000000001
-1.72	-0.7000000000000001
-1.77	-0.9
-1.79	-0.9
-1.84	-1.2000000000000002
-1.8800000000000001	-1.5
-1.9100000000000001	-1.5
-1.95	-1.8
-1.97	-2.0
-2.02	-2.2
-2.05	-2.5
-2.07	-2.8000000000000003
-2.1	-3.1
-2.12	-3.3000000000000003
-2.16	-3.7
-2.19	-4.2
-2.21	-4.4
-2.24	-4.800000000000001
-2.2600000000000002	-5.2
-2.2800000000000002	-5.4
-2.31	-6.0
-2.32	-6.2
-2.35	-6.7
-2.38	-7.2
-2.39	-7.5
-2.42	-8.0
-2.43	-8.200000000000001
-2.45	-8.8
-2.46	-9.4
-2.49	-9.700000000000001
-2.5100000000000002	-10.200000000000001
-2.52	-10.4
-2.54	-11.100000000000001
-2.57	-11.600000000000001
-2.58	-11.9
-2.6	-12.4
-2.61	-12.700000000000001
-2.64	-13.200000000000001
-2.66	-13.700000000000001
-2.67	-14.0
-2.7	-14.5
-2.72	-15.100000000000001
-2.75	-15.4
-2.77	-15.9
-2.7800000000000002	-16.1
-2.8000000000000003	-16.6
-2.83	-17.2
-2.84	-17.400000000000002
-2.86	-17.900000000000002
-2.87	-18.2
-2.9	-18.8
-2.92	-19.3
-2.94	-19.5
-2.96	-20.0
-2.98	-20.400000000000002
-3.0	-20.8
-3.0300000000000002	-21.400000000000002
-3.04	-21.700000000000003
-3.06	-22.200000000000003
-3.08	-22.5
-3.1	-23.0
-3.12	-23.6
-3.14	-23.8
-3.16	-24.400000000000002
-3.18	-24.700000000000003
-3.19	-25.200000000000003
-3.22	-25.8
-3.23	-26.0
-3.25	-26.6
-3.2800000000000002	-27.200000000000003
-3.29	-27.400000000000002
-3.31	-27.900000000000002
-3.3200000000000003	-28.3
-3.34	-28.8
-3.37	-29.400000000000002
-3.38	-29.700000000000003
-3.4	-30.3
-3.41	-30.5
-3.43	-31.1
-3.45	-31.700000000000003
-3.47	-31.900000000000002
-3.48	-32.6
-3.5	-32.800000000000004
-3.52	-33.4
-3.54	-34.0
-3.5500000000000003	-34.300000000000004
-3.58	-34.800000000000004
-3.58	-35.1
-3.61	-35.7
-3.63	-36.300000000000004
-3.64	-36.6
-3.66	-37.2
-3.68	-37.7
-3.69	-38.0
-3.71	-38.7
-3.72	-39.0
-3.74	-39.6
-3.7600000000000002	-40.2
-3.77	-40.6
-3.79	-40.800000000000004
-3.8000000000000003	-41.400000000000006
-3.8200000000000003	-41.900000000000006
-3.84	-42.6
-3.85	-42.900000000000006
-3.87	-43.5
-3.88	-43.7
-3.89	-44.400000000000006
-3.92	-45.1
-3.93	-45.400000000000006
-3.94	-45.900000000000006
-3.96	-46.2
-3.97	-46.900000000000006
-3.99	-47.5
-4.0	-47.800000000000004
-4.0200000000000005	-48.400000000000006
-4.03	-48.7
-4.05	-49.300000000000004
-4.0600000000000005	-50.0
-4.07	-50.300000000000004
-4.09	-50.900000000000006
-4.11	-51.5
-4.12	-51.800000000000004
-4.14	-52.5
-4.15	-52.800000000000004
-4.17	-53.5
-4.18	-54.1
-4.2	-54.400000000000006
-4.21	-55.0
-4.22	-55.300000000000004
-4.23	-55.900000000000006
-4.25	-56.6
-4.26	-56.900000000000006
-4.28	-57.5
-4.29	-57.900000000000006
-4.3	-58.5
-4.32	-59.1
-4.33	-59.400000000000006
-4.34	-60.2
-4.3500000000000005	-60.400000000000006
-4.37	-61.0
-4.39	-61.7
-4.39	-62.1
-4.41	-62.7
-4.43	-63.300000000000004
-4.44	-63.6
-4.45	-64.3
-4.46	-64.60000000000001
-4.48	-65.3
-4.49	-65.9
-4.5	-66.2
-4.51	-66.9
-4.5200000000000005	-67.2
-4.54	-67.9
-4.55	-68.5
-4.5600000000000005	-68.9
-4.58	-69.5
-4.59	-69.9
-4.6000000000000005	-70.5
-4.62	-71.2
-4.63	-71.5
-4.65	-72.2
-4.65	-72.5
-4.66	-73.2
-4.68	-73.8
-4.69	-74.10000000000001
-4.7	-74.8
-4.71	-75.2
-4.72	-75.8
-4.74	-76.5
-4.75	-76.80000000000001
-4.76	-77.5
-4.78	-78.2
-4.78	-78.5
-4.79	-79.2
-4.8100000000000005	-79.5
-4.82	-80.2
-4.84	-80.80000000000001
-4.84	-81.2
-4.86	-81.9
-4.86	-82.2
-4.88	-82.9
-4.89	-83.60000000000001
-4.9	-83.9
-4.91	-84.60000000000001
-4.92	-85.0
-4.93	-85.60000000000001
-4.95	-86.30000000000001
-4.96	-86.60000000000001
-4.97	-87.30000000000001
-4.97	-87.7
-4.99	-88.30000000000001
-5.0	-89.0
-5.01	-89.4
-5.0200000000000005	-90.0
-5.03	-90.7
-5.04	-91.0
-5.0600000000000005	-91.7
-5.0600000000000005	-92.10000000000001
-5.08	-92.7
-5.09	-93.5
-5.1000000000000005	-93.80000000000001
-5.11	-94.5
-5.12	-94.9
-5.13	-95.5
-5.14	-96.2
-5.15	-96.5
-5.16	-97.2
-5.17	-97.60000000000001
-5.18	-98.2
-5.19	-98.9
-5.2	-99.30000000000001
-5.21	-100.0
-5.22	-100.30000000000001
-5.24	-101.0
-5.24	-101.2
-5.25	-101.2
-5.2700000000000005	-101.2
-5.2700000000000005	-101.2
