0.01	0.2
0.01	0.2
0.01	0.2
0.01	0.30000000000000004
-0.04	0.2
-0.1	0.2
-0.16	0.2
-0.22	0.2
-0.27	0.2
-0.3	0.2
-0.36	0.2
-0.43	0.2
-0.5	0.2
-0.52	0.2
-0.59	0.2
-0.65	0.2
-0.71	0.2
-0.75	0.2
-0.81	0.2
-0.88	0.2
-0.9400000000000001	0.2
-1.0	0.2
-1.04	0.2
-1.1	0.2
-1.16	0.2
-1.22	0.2
-1.25	0.2
-1.31	0.2
-1.3800000000000001	0.2
-1.44	0.2
-1.47	0.2
-1.54	0.2
-1.6	0.2
-1.6600000000000001	0.2
-1.7	0.2
-1.76	0.2
-1.83	0.2
-1.8900000000000001	0.2
-1.95	0.2
-1.99	0.2
-2.05	0.2
-2.1	0.2
-2.18	0.2
-2.21	0.2
-2.27	0.2
-2.33	0.2
-2.4	0.2
-2.43	0.2
-2.5	0.2
-2.56	0.1
-2.62	0.2
-2.65	0.2
-2.71	0.1
-2.77	0.1
-2.84	0.0
-2.89	0.0
-2.92	0.0
-2.98	-0.2
-3.04	-0.2
-3.09	-0.4
-3.12	-0.4
-3.18	-0.5
-3.22	-0.7000000000000001
-3.2800000000000002	-0.9
-3.3000000000000003	-0.9
-3.35	-1.2000000000000002
-3.4	-1.3
-3.45	-1.5
-3.47	-1.7000000000000002
-3.5100000000000002	-1.9000000000000001
-3.56	-2.2
-3.6	-2.4000000000000004
-3.65	-2.7
-3.67	-2.8000000000000003
-3.71	-3.2
-3.75	-3.5
-3.79	-3.8000000000000003
-3.81	-4.0
-3.84	-4.3
-3.88	-4.7
-3.92	-5.0
-3.94	-5.2
-3.97	-5.6000000000000005
-4.01	-6.0
-4.04	-6.4
-4.0600000000000005	-6.6000000000000005
-4.1	-6.9
-4.13	-7.4
-4.16	-7.800000000000001
-4.19	-8.3
-4.21	-8.5
-4.24	-9.0
-4.28	-9.4
-4.3	-9.9
-4.32	-10.100000000000001
-4.34	-10.600000000000001
-4.38	-11.100000000000001
-4.4	-11.5
-4.42	-11.8
-4.44	-12.3
-4.47	-12.8
-4.5	-13.200000000000001
-4.51	-13.5
-4.54	-14.0
-4.5600000000000005	-14.5
-4.59	-15.100000000000001
-4.61	-15.600000000000001
-4.62	-15.8
-4.65	-16.400000000000002
-4.68	-16.900000000000002
-4.7	-17.400000000000002
-4.72	-17.7
-4.73	-18.3
-4.76	-18.8
-4.78	-19.3
-4.8	-19.6
-4.82	-20.3
-4.84	-20.700000000000003
-4.87	-21.3
-4.88	-21.6
-4.9	-22.200000000000003
-4.92	-22.700000000000003
-4.94	-23.3
-4.96	-23.8
-4.98	-24.1
-4.99	-24.8
-5.0200000000000005	-25.3
-5.03	-25.900000000000002
-5.05	-26.200000000000003
-5.07	-26.8
-5.09	-27.5
-5.11	-28.0
-5.12	-28.400000000000002
-5.14	-28.900000000000002
-5.16	-29.5
-5.18	-30.1
-5.19	-30.5
-5.2	-31.0
-5.23	-31.6
-5.25	-32.300000000000004
-5.26	-32.9
-5.2700000000000005	-33.2
-5.3	-33.800000000000004
-5.3100000000000005	-34.4
-5.33	-35.1
-5.34	-35.4
-5.36	-36.0
-5.37	-36.6
-5.39	-37.300000000000004
-5.4	-37.6
-5.42	-38.2
-5.43	-38.800000000000004
-5.45	-39.5
-5.46	-39.800000000000004
-5.48	-40.400000000000006
-5.49	-41.1
-5.51	-41.7
-5.53	-42.300000000000004
-5.54	-42.7
-5.5600000000000005	-43.300000000000004
-5.57	-44.0
-5.59	-44.6
-5.6000000000000005	-45.0
-5.61	-45.7
-5.63	-46.300000000000004
-5.64	-46.900000000000006
-5.65	-47.2
-5.67	-47.900000000000006
-5.68	-48.6
-5.7	-49.2
-5.71	-49.5
-5.72	-50.2
-5.74	-50.800000000000004
-5.75	-51.5
-5.7700000000000005	-52.2
-5.7700000000000005	-52.5
-5.79	-53.2
-5.8100000000000005	-53.800000000000004
-5.82	-54.5
-5.83	-54.800000000000004
-5.8500000000000005	-55.5
-5.86	-56.2
-5.87	-56.900000000000006
-5.88	-57.2
-5.89	-57.800000000000004
-5.91	-58.5
-5.92	-59.2
-5.93	-59.6
-5.94	-60.2
-5.96	-60.900000000000006
-5.97	-61.6
-5.99	-62.300000000000004
-6.0	-62.6
-6.01	-63.300000000000004
-6.03	-64.0
-6.04	-64.7
-6.04	-65.0
-6.0600000000000005	-65.7
-6.07	-66.4
-6.09	-67.10000000000001
-6.09	-67.4
-6.1000000000000005	-68.2
-6.12	-68.8
-6.13	-69.5
-6.140000000000001	-69.9
-6.15	-70.5
-6.16	-71.2
-6.18	-71.9
-6.19	-72.60000000000001
-6.2	-73.0
-6.21	-73.7
-6.22	-74.4
-6.23	-75.0
-6.24	-75.4
-6.26	-76.10000000000001
-6.2700000000000005	-76.80000000000001
-6.28	-77.5
-6.28	-77.9
-6.3	-78.60000000000001
-6.3100000000000005	-79.2
-6.32	-80.0
-6.33	-80.30000000000001
-6.34	-81.0
-6.3500000000000005	-81.7
-6.37	-82.5
-6.38	-83.2
-6.390000000000001	-83.5
-6.4	-84.2
-6.41	-84.9
-6.42	-85.60000000000001
-6.43	-86.0
-6.44	-86.7
-6.45	-87.4
-6.46	-88.10000000000001
-6.47	-88.5
-6.48	-89.2
-6.49	-89.9
-6.5	-90.60000000000001
-6.5	-91.0
-6.5200000000000005	-91.7
-6.53	-92.4
-6.54	-93.10000000000001
-6.55	-93.9
-6.5600000000000005	-94.2
-6.57	-94.9
-6.58	-95.7
-6.59	-96.30000000000001
-6.61	-96.7
-6.61	-97.4
-6.62	-98.10000000000001
-6.63	-98.80000000000001
-6.640000000000001	-99.2
-6.65	-100.0
-6.66	-100.7
-6.67	-101.2
-6.68	-101.2
