0.004	0.2
0.002	0.2
0.002	0.2
0.004	0.2
0.002	0.2
0.004	0.2
0.014	0.8
0.026000000000000002	1.6
0.038	2.6
0.042	2.9000000000000004
0.046	3.2
0.052000000000000005	3.5
0.058	3.9000000000000004
0.062	4.2
0.068	4.6000000000000005
0.078	5.2
0.084	5.6000000000000005
0.088	6.0
0.094	6.300000000000001
0.098	6.7
0.10400000000000001	7.0
0.108	7.300000000000001
0.12	8.1
0.124	8.4
0.13	8.8
0.134	9.1
0.14	9.4
0.146	9.8
0.15	10.200000000000001
0.156	10.5
0.166	11.200000000000001
0.17400000000000002	11.600000000000001
0.178	12.0
0.182	12.3
0.188	12.700000000000001
0.194	13.0
0.2	13.4
0.21	14.0
0.214	14.4
0.218	14.700000000000001
0.224	15.0
0.23	15.4
0.23600000000000002	15.700000000000001
0.242	16.1
0.252	16.8
0.256	17.2
0.262	17.5
0.268	17.900000000000002
0.274	18.3
0.278	18.6
0.28400000000000003	19.0
0.28800000000000003	19.3
0.3	19.900000000000002
0.306	20.400000000000002
0.31	20.700000000000003
0.316	21.0
0.322	21.400000000000002
0.328	21.8
0.332	22.1
0.34400000000000003	22.8
0.35000000000000003	23.3
0.354	23.6
0.36	23.900000000000002
0.366	24.3
0.372	24.6
0.376	24.900000000000002
0.388	25.700000000000003
0.394	26.0
0.398	26.400000000000002
0.404	26.8
0.41000000000000003	27.1
0.41600000000000004	27.400000000000002
0.422	27.8
0.432	28.5
0.438	28.900000000000002
0.444	29.200000000000003
0.448	29.6
0.454	29.900000000000002
0.46	30.3
0.466	30.6
0.47200000000000003	31.0
0.482	31.700000000000003
0.486	32.0
0.494	32.4
0.498	32.7
0.504	33.1
0.51	33.5
0.514	33.800000000000004
0.526	34.6
0.532	34.9
0.538	35.2
0.542	35.6
0.548	35.9
0.554	36.300000000000004
0.56	36.7
0.5700000000000001	37.300000000000004
0.5760000000000001	37.7
0.582	38.0
0.586	38.400000000000006
0.594	38.800000000000004
0.6	39.1
0.604	39.5
0.61	39.800000000000004
0.622	40.5
0.626	40.900000000000006
0.632	41.2
0.638	41.6
0.644	41.900000000000006
0.65	42.300000000000004
0.656	42.6
0.666	43.300000000000004
0.672	43.7
0.678	44.0
0.682	44.300000000000004
0.6880000000000001	44.7
0.6960000000000001	45.1
0.7000000000000001	45.5
0.712	46.2
0.718	46.5
0.722	46.900000000000006
0.728	47.2
0.734	47.6
0.74	47.900000000000006
0.746	48.300000000000004
0.758	49.0
0.764	49.400000000000006
0.768	49.7
0.776	50.0
0.782	50.400000000000006
0.788	50.7
0.792	51.1
0.8	51.400000000000006
0.81	52.2
0.8160000000000001	52.5
0.8200000000000001	52.900000000000006
0.8260000000000001	53.2
0.8320000000000001	53.5
0.838	53.900000000000006
0.846	54.2
0.856	54.900000000000006
0.862	55.300000000000004
0.866	55.7
0.874	56.0
0.88	56.300000000000004
0.884	56.7
0.892	57.1
0.902	57.800000000000004
0.908	58.0
0.914	58.400000000000006
0.92	58.800000000000004
0.926	59.2
0.93	59.5
0.9380000000000001	59.900000000000006
0.9420000000000001	60.2
0.9540000000000001	60.900000000000006
0.96	61.2
0.966	61.6
0.972	62.0
0.978	62.300000000000004
0.984	62.7
0.988	63.0
1.0	63.6
1.006	64.0
1.012	64.4
1.02	64.7
1.024	65.10000000000001
1.03	65.4
1.036	65.8
1.048	66.5
1.054	66.8
1.06	67.2
1.066	67.60000000000001
1.072	67.9
1.078	68.3
1.084	68.60000000000001
1.094	69.3
1.1	69.60000000000001
1.108	70.0
1.112	70.3
1.118	70.60000000000001
1.124	71.0
1.1300000000000001	71.4
1.1360000000000001	71.7
1.1480000000000001	72.4
1.154	72.8
1.16	73.10000000000001
1.166	73.5
1.172	73.8
1.178	74.2
1.184	74.5
1.196	75.2
1.202	75.60000000000001
1.208	75.9
1.214	76.2
1.22	76.60000000000001
1.226	76.9
1.232	77.30000000000001
1.244	78.0
1.25	78.30000000000001
1.256	78.60000000000001
1.262	79.0
1.268	79.4
1.274	79.7
1.28	80.10000000000001
1.286	80.4
1.298	81.10000000000001
1.304	81.4
1.31	81.80000000000001
1.316	82.10000000000001
1.322	82.5
1.328	82.80000000000001
1.334	83.10000000000001
1.346	83.80000000000001
1.352	84.2
1.358	84.5
1.364	84.9
1.37	85.2
1.3760000000000001	85.60000000000001
1.3820000000000001	85.9
1.3940000000000001	86.60000000000001
1.4000000000000001	86.9
1.4060000000000001	87.2
1.412	87.60000000000001
1.418	87.9
1.424	88.30000000000001
1.43	88.60000000000001
1.444	89.30000000000001
1.45	89.7
1.456	90.0
1.462	90.4
1.468	90.7
1.474	91.10000000000001
1.48	91.4
1.486	91.80000000000001
1.498	92.4
1.504	92.80000000000001
1.512	93.10000000000001
1.516	93.5
1.522	93.80000000000001
1.528	94.10000000000001
1.534	94.5
1.548	95.2
1.554	95.5
1.56	95.9
1.566	96.2
1.572	96.60000000000001
1.576	96.9
1.584	97.30000000000001
1.596	97.9
1.602	98.30000000000001
1.608	98.60000000000001
1.614	99.0
1.622	99.30000000000001
1.6280000000000001	99.60000000000001
1.6340000000000001	100.0
1.6380000000000001	100.30000000000001
