0.01	0.2
0.0	0.2
0.01	0.2
0.01	0.2
-0.04	0.2
-0.1	0.2
-0.16	0.2
-0.22	0.2
-0.28	0.2
-0.3	0.2
-0.36	0.2
-0.43	0.2
-0.5	0.2
-0.53	0.2
-0.59	0.30000000000000004
-0.65	0.2
-0.71	0.2
-0.75	0.2
-0.8200000000000001	0.2
-0.87	0.2
-0.9400000000000001	0.2
-1.01	0.2
-1.03	0.2
-1.1	0.2
-1.16	0.2
-1.21	0.2
-1.25	0.2
-1.32	0.2
-1.37	0.2
-1.44	0.2
-1.47	0.2
-1.54	0.2
-1.6	0.2
-1.6600000000000001	0.2
-1.69	0.2
-1.76	0.2
-1.82	0.2
-1.8900000000000001	0.2
-1.95	0.2
-1.98	0.1
-2.05	0.2
-2.11	0.2
-2.17	0.2
-2.2	0.2
-2.27	0.2
-2.34	0.2
-2.4	0.2
-2.43	0.2
-2.5	0.2
-2.56	0.1
-2.62	0.2
-2.65	0.2
-2.71	0.1
-2.77	0.1
-2.84	0.0
-2.89	0.0
-2.92	-0.1
-2.98	-0.2
-3.04	-0.2
-3.09	-0.4
-3.12	-0.4
-3.17	-0.5
-3.22	-0.7000000000000001
-3.2800000000000002	-0.8
-3.3000000000000003	-0.9
-3.35	-1.1
-3.4	-1.4000000000000001
-3.44	-1.5
-3.47	-1.7000000000000002
-3.5100000000000002	-1.9000000000000001
-3.56	-2.2
-3.6	-2.4000000000000004
-3.65	-2.7
-3.66	-2.9000000000000004
-3.71	-3.2
-3.75	-3.5
-3.79	-3.8000000000000003
-3.81	-3.9000000000000004
-3.85	-4.3
-3.88	-4.7
-3.92	-5.0
-3.94	-5.2
-3.97	-5.6000000000000005
-4.01	-6.0
-4.05	-6.4
-4.0600000000000005	-6.6000000000000005
-4.09	-7.0
-4.12	-7.4
-4.16	-7.9
-4.19	-8.3
-4.2	-8.5
-4.24	-8.9
-4.2700000000000005	-9.5
-4.3	-9.9
-4.3100000000000005	-10.0
-4.34	-10.600000000000001
-4.37	-11.0
-4.4	-11.5
-4.41	-11.700000000000001
-4.44	-12.3
-4.47	-12.700000000000001
-4.5	-13.200000000000001
-4.51	-13.5
-4.54	-14.0
-4.57	-14.5
-4.59	-15.0
-4.61	-15.5
-4.63	-15.9
-4.65	-16.400000000000002
-4.64	-16.900000000000002
-4.7	-17.400000000000002
-4.72	-17.7
-4.73	-18.3
-4.76	-18.8
-4.79	-19.400000000000002
-4.79	-19.6
-4.82	-20.200000000000003
-4.84	-20.700000000000003
-4.86	-21.3
-4.87	-21.6
-4.9	-22.200000000000003
-4.92	-22.700000000000003
-4.94	-23.3
-4.96	-23.900000000000002
-4.97	-24.200000000000003
-4.99	-24.700000000000003
-5.0200000000000005	-25.3
-5.03	-25.900000000000002
-5.05	-26.200000000000003
-5.07	-26.8
-5.09	-27.400000000000002
-5.11	-28.0
-5.12	-28.3
-5.13	-28.900000000000002
-5.16	-29.5
-5.18	-30.1
-5.19	-30.400000000000002
-5.2	-31.0
-5.22	-31.6
-5.24	-32.300000000000004
-5.26	-32.800000000000004
-5.2700000000000005	-33.0
-5.29	-33.800000000000004
-5.3100000000000005	-34.4
-5.33	-35.1
-5.34	-35.300000000000004
-5.36	-36.0
-5.38	-36.6
-5.39	-37.300000000000004
-5.4	-37.6
-5.42	-38.1
-5.44	-38.800000000000004
-5.45	-39.400000000000006
-5.46	-39.7
-5.48	-40.400000000000006
-5.49	-41.0
-5.51	-41.7
-5.53	-42.300000000000004
-5.53	-42.6
-5.55	-43.300000000000004
-5.57	-43.900000000000006
-5.59	-44.5
-5.6000000000000005	-44.900000000000006
-5.62	-45.6
-5.63	-46.2
-5.64	-46.800000000000004
-5.65	-47.2
-5.66	-47.800000000000004
-5.68	-48.5
-5.7	-49.1
-5.71	-49.5
-5.72	-50.1
-5.74	-50.800000000000004
-5.75	-51.5
-5.7700000000000005	-52.1
-5.78	-52.400000000000006
-5.79	-53.1
-5.8100000000000005	-53.7
-5.82	-54.400000000000006
-5.83	-54.800000000000004
-5.84	-55.5
-5.86	-56.2
-5.87	-56.800000000000004
-5.88	-57.1
-5.89	-57.800000000000004
-5.91	-58.5
-5.93	-59.1
-5.93	-59.5
-5.95	-60.2
-5.96	-60.900000000000006
-5.97	-61.5
-5.99	-62.2
-5.99	-62.5
-6.01	-63.2
-6.0200000000000005	-63.900000000000006
-6.04	-64.60000000000001
-6.04	-64.9
-6.0600000000000005	-65.7
-6.07	-66.3
-6.09	-67.0
-6.09	-67.3
-6.1000000000000005	-68.10000000000001
-6.12	-68.7
-6.13	-69.5
-6.140000000000001	-69.8
-6.15	-70.5
-6.16	-71.2
-6.17	-71.9
-6.19	-72.60000000000001
-6.2	-72.9
-6.21	-73.60000000000001
-6.22	-74.3
-6.24	-75.0
-6.24	-75.3
-6.25	-76.0
-6.2700000000000005	-76.7
-6.28	-77.4
-6.29	-77.80000000000001
-6.3	-78.5
-6.3100000000000005	-79.2
-6.32	-79.9
-6.33	-80.2
-6.34	-81.0
-6.3500000000000005	-81.7
-6.36	-82.30000000000001
-6.38	-83.10000000000001
-6.38	-83.4
-6.390000000000001	-84.10000000000001
-6.41	-84.80000000000001
-6.42	-85.5
-6.42	-85.9
-6.44	-86.60000000000001
-6.45	-87.30000000000001
-6.46	-88.0
-6.46	-88.4
-6.48	-89.10000000000001
-6.49	-89.80000000000001
-6.5	-90.60000000000001
-6.5	-90.9
-6.5200000000000005	-91.60000000000001
-6.53	-92.30000000000001
-6.54	-93.0
-6.55	-93.7
-6.5600000000000005	-94.10000000000001
-6.57	-94.80000000000001
-6.58	-95.5
-6.59	-96.2
-6.6000000000000005	-96.60000000000001
-6.61	-97.30000000000001
-6.62	-98.10000000000001
-6.63	-98.80000000000001
-6.63	-99.10000000000001
-6.65	-99.80000000000001
-6.66	-100.60000000000001
-6.67	-101.2
-6.67	-101.2
