0.01	0.2
0.01	0.2
0.01	0.2
0.0	0.2
-0.03	0.2
-0.1	0.2
-0.15	0.2
-0.21	0.2
-0.28	0.2
-0.31	0.2
-0.37	0.2
-0.44	0.2
-0.49	0.2
-0.52	0.2
-0.59	0.2
-0.65	0.2
-0.72	0.2
-0.75	0.2
-0.81	0.2
-0.87	0.2
-0.9400000000000001	0.2
-1.0	0.2
-1.03	0.2
-1.09	0.2
-1.16	0.2
-1.21	0.2
-1.25	0.2
-1.31	0.2
-1.3800000000000001	0.2
-1.44	0.2
-1.47	0.2
-1.54	0.2
-1.6	0.2
-1.6600000000000001	0.2
-1.7	0.2
-1.76	0.2
-1.83	0.2
-1.8800000000000001	0.2
-1.95	0.2
-1.98	0.2
-2.05	0.2
-2.11	0.2
-2.17	0.2
-2.2	0.2
-2.27	0.2
-2.33	0.2
-2.4	0.2
-2.43	0.2
-2.49	0.2
-2.5500000000000003	0.2
-2.62	0.2
-2.65	0.1
-2.71	0.1
-2.77	0.1
-2.83	0.0
-2.89	0.0
-2.92	-0.1
-2.98	-0.1
-3.04	-0.30000000000000004
-3.09	-0.30000000000000004
-3.12	-0.4
-3.17	-0.5
-3.22	-0.6000000000000001
-3.2800000000000002	-0.8
-3.3000000000000003	-0.9
-3.35	-1.1
-3.4	-1.3
-3.45	-1.6
-3.47	-1.6
-3.5100000000000002	-1.9000000000000001
-3.56	-2.1
-3.6	-2.4000000000000004
-3.65	-2.7
-3.67	-2.9000000000000004
-3.71	-3.2
-3.75	-3.5
-3.79	-3.7
-3.81	-4.0
-3.85	-4.3
-3.88	-4.6000000000000005
-3.92	-5.0
-3.94	-5.2
-3.97	-5.6000000000000005
-4.01	-6.0
-4.04	-6.4
-4.0600000000000005	-6.6000000000000005
-4.09	-7.0
-4.13	-7.4
-4.16	-7.800000000000001
-4.19	-8.3
-4.21	-8.5
-4.24	-8.9
-4.2700000000000005	-9.4
-4.3100000000000005	-9.9
-4.3100000000000005	-10.100000000000001
-4.34	-10.5
-4.37	-11.0
-4.4	-11.5
-4.41	-11.8
-4.44	-12.200000000000001
-4.47	-12.700000000000001
-4.5	-13.200000000000001
-4.51	-13.5
-4.54	-14.0
-4.5600000000000005	-14.5
-4.59	-15.0
-4.61	-15.600000000000001
-4.63	-15.8
-4.65	-16.3
-4.67	-16.900000000000002
-4.7	-17.400000000000002
-4.71	-17.7
-4.74	-18.2
-4.76	-18.8
-4.79	-19.3
-4.79	-19.6
-4.82	-20.1
-4.84	-20.700000000000003
-4.87	-21.3
-4.87	-21.6
-4.9	-22.200000000000003
-4.92	-22.700000000000003
-4.94	-23.3
-4.97	-23.8
-4.97	-24.200000000000003
-4.99	-24.8
-5.01	-25.3
-5.04	-25.900000000000002
-5.04	-26.200000000000003
-5.07	-26.8
-5.09	-27.3
-5.11	-28.0
-5.12	-28.3
-5.14	-28.900000000000002
-5.15	-29.5
-5.18	-30.1
-5.18	-30.400000000000002
-5.2	-31.0
-5.22	-31.6
-5.25	-32.2
-5.26	-32.800000000000004
-5.2700000000000005	-33.2
-5.29	-33.7
-5.3	-34.4
-5.33	-35.0
-5.34	-35.300000000000004
-5.3500000000000005	-36.0
-5.37	-36.6
-5.39	-37.2
-5.4	-37.5
-5.42	-38.1
-5.43	-38.800000000000004
-5.45	-39.400000000000006
-5.47	-39.7
-5.48	-40.400000000000006
-5.5	-41.0
-5.51	-41.7
-5.53	-42.300000000000004
-5.54	-42.6
-5.55	-43.2
-5.57	-43.900000000000006
-5.58	-44.6
-5.59	-44.900000000000006
-5.61	-45.5
-5.62	-46.2
-5.64	-46.800000000000004
-5.66	-47.2
-5.67	-47.900000000000006
-5.68	-48.5
-5.7	-49.1
-5.7	-49.5
-5.72	-50.1
-5.73	-50.7
-5.76	-51.5
-5.7700000000000005	-52.1
-5.78	-52.400000000000006
-5.79	-53.1
-5.8100000000000005	-53.800000000000004
-5.82	-54.400000000000006
-5.83	-54.7
-5.8500000000000005	-55.400000000000006
-5.86	-56.1
-5.87	-56.800000000000004
-5.88	-57.1
-5.89	-57.800000000000004
-5.91	-58.5
-5.93	-59.1
-5.93	-59.5
-5.94	-60.1
-5.96	-60.800000000000004
-5.97	-61.6
-5.99	-62.2
-6.0	-62.5
-6.01	-63.2
-6.03	-63.900000000000006
-6.03	-64.5
-6.04	-64.9
-6.05	-65.60000000000001
-6.07	-66.3
-6.08	-67.0
-6.09	-67.3
-6.1000000000000005	-68.0
-6.11	-68.7
-6.13	-69.4
-6.13	-69.7
-6.16	-70.4
-6.16	-71.10000000000001
-6.18	-71.8
-6.19	-72.5
-6.2	-72.8
-6.21	-73.60000000000001
-6.22	-74.2
-6.23	-75.0
-6.24	-75.3
-6.25	-76.0
-6.2700000000000005	-76.7
-6.28	-77.4
-6.28	-77.80000000000001
-6.3	-78.5
-6.3100000000000005	-79.2
-6.32	-79.9
-6.33	-80.2
-6.34	-80.9
-6.3500000000000005	-81.60000000000001
-6.36	-82.30000000000001
-6.37	-83.0
-6.38	-83.30000000000001
-6.390000000000001	-84.10000000000001
-6.41	-84.80000000000001
-6.42	-85.5
-6.43	-85.9
-6.44	-86.5
-6.45	-87.2
-6.46	-88.0
-6.47	-88.30000000000001
-6.48	-89.0
-6.49	-89.80000000000001
-6.5	-90.5
-6.5	-90.80000000000001
-6.5200000000000005	-91.5
-6.53	-92.2
-6.54	-92.9
-6.55	-93.7
-6.5600000000000005	-94.0
-6.5600000000000005	-94.80000000000001
-6.58	-95.5
-6.59	-96.10000000000001
-6.6000000000000005	-96.5
-6.6000000000000005	-97.2
-6.61	-98.0
-6.63	-98.7
-6.63	-99.0
-6.640000000000001	-99.80000000000001
-6.65	-100.5
-6.67	-101.2
-6.67	-101.2
