0.01	0.2
0.01	0.2
0.0	0.2
0.01	0.2
-0.04	0.2
-0.1	0.2
-0.16	0.2
-0.21	0.2
-0.27	0.2
-0.3	0.2
-0.37	0.2
-0.43	0.2
-0.5	0.2
-0.53	0.2
-0.59	0.2
-0.65	0.30000000000000004
-0.71	0.2
-0.75	0.2
-0.81	0.2
-0.87	0.2
-0.9400000000000001	0.2
-1.0	0.2
-1.04	0.2
-1.1	0.2
-1.17	0.2
-1.21	0.2
-1.25	0.1
-1.31	0.2
-1.3800000000000001	0.2
-1.44	0.2
-1.47	0.2
-1.54	0.2
-1.6	0.2
-1.67	0.2
-1.7	0.2
-1.76	0.2
-1.82	0.2
-1.8900000000000001	0.2
-1.96	0.2
-1.98	0.2
-2.05	0.2
-2.11	0.2
-2.17	0.2
-2.21	0.2
-2.27	0.2
-2.33	0.2
-2.4	0.2
-2.43	0.2
-2.49	0.2
-2.56	0.2
-2.62	0.1
-2.65	0.2
-2.71	0.1
-2.77	0.1
-2.83	0.1
-2.9	-0.1
-2.92	-0.1
-2.98	-0.1
-3.0300000000000002	-0.2
-3.09	-0.4
-3.12	-0.4
-3.17	-0.5
-3.23	-0.7000000000000001
-3.2800000000000002	-0.9
-3.3000000000000003	-1.0
-3.35	-1.1
-3.4	-1.3
-3.44	-1.6
-3.47	-1.7000000000000002
-3.52	-1.9000000000000001
-3.56	-2.1
-3.6	-2.4000000000000004
-3.65	-2.7
-3.67	-2.9000000000000004
-3.71	-3.1
-3.75	-3.5
-3.79	-3.8000000000000003
-3.81	-4.0
-3.85	-4.3
-3.89	-4.7
-3.92	-5.0
-3.94	-5.2
-3.97	-5.6000000000000005
-4.01	-6.0
-4.05	-6.4
-4.0600000000000005	-6.6000000000000005
-4.09	-7.0
-4.13	-7.4
-4.16	-7.800000000000001
-4.19	-8.3
-4.21	-8.5
-4.24	-9.0
-4.2700000000000005	-9.4
-4.3	-9.9
-4.3100000000000005	-10.100000000000001
-4.34	-10.5
-4.37	-11.100000000000001
-4.4	-11.5
-4.42	-11.700000000000001
-4.45	-12.3
-4.47	-12.700000000000001
-4.5	-13.200000000000001
-4.51	-13.5
-4.54	-14.0
-4.5600000000000005	-14.5
-4.59	-15.100000000000001
-4.62	-15.600000000000001
-4.62	-15.8
-4.65	-16.400000000000002
-4.68	-16.900000000000002
-4.7	-17.400000000000002
-4.71	-17.7
-4.74	-18.2
-4.76	-18.8
-4.78	-19.3
-4.8	-19.6
-4.82	-20.200000000000003
-4.84	-20.700000000000003
-4.87	-21.3
-4.87	-21.6
-4.9	-22.200000000000003
-4.92	-22.700000000000003
-4.94	-23.3
-4.96	-23.900000000000002
-4.98	-24.200000000000003
-5.0	-24.8
-5.01	-25.400000000000002
-5.04	-25.900000000000002
-5.05	-26.200000000000003
-5.07	-26.8
-5.08	-27.400000000000002
-5.11	-28.0
-5.12	-28.3
-5.13	-28.900000000000002
-5.16	-29.5
-5.18	-30.1
-5.19	-30.400000000000002
-5.21	-31.0
-5.22	-31.700000000000003
-5.24	-32.2
-5.26	-32.9
-5.28	-33.2
-5.29	-33.800000000000004
-5.3100000000000005	-34.4
-5.33	-35.1
-5.34	-35.4
-5.36	-36.0
-5.37	-36.6
-5.39	-37.300000000000004
-5.4	-37.6
-5.42	-38.2
-5.44	-38.800000000000004
-5.46	-39.5
-5.46	-39.7
-5.48	-40.400000000000006
-5.5	-41.1
-5.51	-41.7
-5.53	-42.300000000000004
-5.53	-42.6
-5.55	-43.300000000000004
-5.57	-44.0
-5.59	-44.6
-5.6000000000000005	-44.900000000000006
-5.61	-45.6
-5.63	-46.300000000000004
-5.64	-46.900000000000006
-5.65	-47.2
-5.67	-47.900000000000006
-5.68	-48.5
-5.7	-49.2
-5.71	-49.5
-5.72	-50.2
-5.74	-50.900000000000006
-5.75	-51.5
-5.7700000000000005	-52.2
-5.78	-52.5
-5.79	-53.1
-5.8100000000000005	-53.800000000000004
-5.82	-54.5
-5.83	-54.800000000000004
-5.82	-55.5
-5.86	-56.2
-5.87	-56.900000000000006
-5.88	-57.2
-5.89	-57.900000000000006
-5.91	-58.5
-5.93	-59.2
-5.93	-59.5
-5.95	-60.2
-5.96	-60.900000000000006
-5.97	-61.6
-5.99	-62.2
-6.0	-62.6
-6.01	-63.300000000000004
-6.0200000000000005	-64.0
-6.04	-64.60000000000001
-6.04	-65.0
-6.0600000000000005	-65.7
-6.07	-66.4
-6.08	-67.10000000000001
-6.09	-67.4
-6.11	-68.10000000000001
-6.12	-68.8
-6.13	-69.5
-6.140000000000001	-69.8
-6.15	-70.5
-6.16	-71.2
-6.18	-71.9
-6.19	-72.60000000000001
-6.2	-72.9
-6.21	-73.60000000000001
-6.22	-74.4
-6.23	-75.0
-6.24	-75.4
-6.26	-76.10000000000001
-6.2700000000000005	-76.80000000000001
-6.28	-77.5
-6.29	-77.80000000000001
-6.3	-78.5
-6.3100000000000005	-79.2
-6.32	-79.9
-6.33	-80.30000000000001
-6.34	-81.0
-6.3500000000000005	-81.7
-6.37	-82.4
-6.38	-83.10000000000001
-6.390000000000001	-83.4
-6.4	-84.2
-6.4	-84.9
-6.42	-85.60000000000001
-6.43	-85.9
-6.44	-86.7
-6.45	-87.30000000000001
-6.46	-88.10000000000001
-6.47	-88.5
-6.48	-89.10000000000001
-6.49	-89.9
-6.5	-90.60000000000001
-6.5	-91.0
-6.51	-91.7
-6.53	-92.4
-6.54	-93.10000000000001
-6.55	-93.80000000000001
-6.5600000000000005	-94.2
-6.57	-94.9
-6.58	-95.60000000000001
-6.59	-96.30000000000001
-6.6000000000000005	-96.7
-6.61	-97.4
-6.62	-98.10000000000001
-6.63	-98.80000000000001
-6.640000000000001	-99.2
-6.640000000000001	-99.9
-6.66	-100.60000000000001
-6.67	-101.2
-6.67	-101.2
