0.01	0.2
0.01	0.2
0.01	0.2
0.01	0.2
0.01	0.2
-0.1	0.2
-0.13	0.2
-0.18	0.2
-0.21	0.2
-0.27	0.2
-0.34	0.2
-0.36	0.2
-0.43	0.2
-0.46	0.2
-0.52	0.2
-0.59	0.2
-0.62	0.2
-0.68	0.2
-0.71	0.2
-0.78	0.2
-0.84	0.1
-0.88	0.2
-0.9400000000000001	0.2
-0.97	0.2
-1.03	0.2
-1.09	0.2
-1.1300000000000001	0.2
-1.18	0.1
-1.24	0.1
-1.26	0.1
-1.33	0.0
-1.36	0.0
-1.42	0.0
-1.48	-0.1
-1.5	-0.2
-1.56	-0.2
-1.59	-0.30000000000000004
-1.6400000000000001	-0.4
-1.69	-0.6000000000000001
-1.73	-0.6000000000000001
-1.77	-0.8
-1.79	-1.0
-1.84	-1.1
-1.8900000000000001	-1.4000000000000001
-1.9100000000000001	-1.5
-1.95	-1.8
-1.97	-1.9000000000000001
-2.0100000000000002	-2.3000000000000003
-2.05	-2.6
-2.07	-2.7
-2.1	-3.1
-2.12	-3.3000000000000003
-2.16	-3.7
-2.18	-4.2
-2.2	-4.3
-2.24	-4.800000000000001
-2.27	-5.2
-2.2800000000000002	-5.4
-2.31	-5.9
-2.32	-6.2
-2.35	-6.7
-2.37	-7.2
-2.39	-7.4
-2.41	-8.0
-2.42	-8.200000000000001
-2.45	-8.8
-2.47	-9.3
-2.48	-9.600000000000001
-2.5	-10.200000000000001
-2.52	-10.4
-2.54	-11.0
-2.56	-11.600000000000001
-2.58	-11.8
-2.6	-12.4
-2.61	-12.600000000000001
-2.64	-13.200000000000001
-2.66	-13.700000000000001
-2.67	-14.0
-2.7	-14.5
-2.72	-15.0
-2.73	-15.3
-2.7600000000000002	-15.8
-2.7800000000000002	-16.1
-2.8000000000000003	-16.6
-2.82	-17.1
-2.84	-17.400000000000002
-2.86	-17.900000000000002
-2.87	-18.1
-2.9	-18.7
-2.93	-19.200000000000003
-2.94	-19.5
-2.96	-20.0
-2.97	-20.3
-3.0	-20.8
-3.02	-21.3
-3.0300000000000002	-21.6
-3.06	-22.1
-3.0700000000000003	-22.400000000000002
-3.09	-23.0
-3.12	-23.5
-3.13	-23.8
-3.16	-24.3
-3.17	-24.6
-3.19	-25.1
-3.21	-25.700000000000003
-3.23	-26.0
-3.25	-26.5
-3.27	-27.1
-3.2800000000000002	-27.3
-3.31	-27.900000000000002
-3.3200000000000003	-28.200000000000003
-3.34	-28.700000000000003
-3.36	-29.3
-3.37	-29.6
-3.4	-30.200000000000003
-3.41	-30.400000000000002
-3.43	-31.0
-3.45	-31.6
-3.46	-31.8
-3.48	-32.4
-3.49	-32.7
-3.52	-33.300000000000004
-3.54	-33.9
-3.5500000000000003	-34.2
-3.5700000000000003	-34.7
-3.59	-35.0
-3.6	-35.6
-3.62	-36.2
-3.63	-36.5
-3.65	-37.1
-3.67	-37.7
-3.69	-38.0
-3.71	-38.5
-3.72	-38.900000000000006
-3.74	-39.400000000000006
-3.7600000000000002	-40.0
-3.77	-40.300000000000004
-3.7800000000000002	-40.900000000000006
-3.79	-41.300000000000004
-3.81	-41.900000000000006
-3.84	-42.5
-3.85	-42.800000000000004
-3.87	-43.300000000000004
-3.87	-43.7
-3.89	-44.300000000000004
-3.91	-44.800000000000004
-3.91	-45.2
-3.94	-45.800000000000004
-3.95	-46.1
-3.97	-46.7
-3.99	-47.300000000000004
-4.0	-47.6
-4.01	-48.2
-4.03	-48.5
-4.04	-49.2
-4.0600000000000005	-49.800000000000004
-4.07	-50.1
-4.08	-50.800000000000004
-4.1	-51.400000000000006
-4.11	-51.7
-4.13	-52.300000000000004
-4.14	-52.6
-4.16	-53.300000000000004
-4.18	-53.900000000000006
-4.19	-54.2
-4.2	-54.800000000000004
-4.21	-55.1
-4.22	-55.7
-4.25	-56.400000000000006
-4.25	-56.7
-4.2700000000000005	-57.400000000000006
-4.28	-57.7
-4.3	-58.300000000000004
-4.3100000000000005	-58.900000000000006
-4.32	-59.300000000000004
-4.34	-59.900000000000006
-4.3500000000000005	-60.2
-4.36	-60.900000000000006
-4.38	-61.5
-4.39	-61.900000000000006
-4.41	-62.400000000000006
-4.42	-63.1
-4.43	-63.5
-4.45	-64.10000000000001
-4.45	-64.4
-4.47	-65.10000000000001
-4.49	-65.7
-4.5	-66.0
-4.51	-66.7
-4.5200000000000005	-67.0
-4.53	-67.7
-4.5600000000000005	-68.3
-4.5600000000000005	-68.60000000000001
-4.58	-69.3
-4.58	-69.60000000000001
-4.6000000000000005	-70.3
-4.61	-70.9
-4.62	-71.3
-4.63	-71.9
-4.64	-72.3
-4.66	-73.0
-4.68	-73.5
-4.68	-73.9
-4.7	-74.60000000000001
-4.71	-74.9
-4.72	-75.60000000000001
-4.74	-76.2
-4.74	-76.60000000000001
-4.76	-77.30000000000001
-4.7700000000000005	-78.0
-4.78	-78.30000000000001
-4.79	-78.9
-4.8	-79.2
-4.8100000000000005	-79.9
-4.83	-80.60000000000001
-4.84	-80.9
-4.8500000000000005	-81.60000000000001
-4.86	-81.9
-4.87	-82.60000000000001
-4.89	-83.30000000000001
-4.89	-83.60000000000001
-4.9	-84.30000000000001
-4.91	-84.60000000000001
-4.92	-85.4
-4.94	-86.0
-4.95	-86.30000000000001
-4.97	-87.0
-4.97	-87.4
-4.98	-88.0
-5.0	-88.7
-5.0	-89.10000000000001
-5.0200000000000005	-89.7
-5.03	-90.4
-5.04	-90.80000000000001
-5.05	-91.4
-5.0600000000000005	-91.80000000000001
-5.07	-92.5
-5.08	-93.2
-5.09	-93.5
-5.1000000000000005	-94.2
-5.11	-94.60000000000001
-5.12	-95.30000000000001
-5.14	-95.9
-5.15	-96.30000000000001
-5.16	-96.9
-5.16	-97.30000000000001
-5.17	-98.0
-5.19	-98.60000000000001
-5.2	-99.0
-5.21	-99.7
-5.21	-100.0
-5.23	-100.7
-5.24	-101.2
-5.25	-101.2
-5.26	-101.2
-5.26	-101.2
