0.01	0.2
0.01	0.2
0.01	0.2
0.01	0.2
0.01	0.1
-0.1	0.2
-0.13	0.2
-0.18	0.2
-0.21	0.2
-0.27	0.2
-0.34	0.2
-0.37	0.2
-0.43	0.2
-0.47000000000000003	0.2
-0.53	0.2
-0.59	0.2
-0.62	0.2
-0.68	0.2
-0.71	0.2
-0.78	0.2
-0.84	0.1
-0.88	0.2
-0.9400000000000001	0.1
-0.97	0.2
-1.03	0.2
-1.1	0.2
-1.12	0.1
-1.18	0.1
-1.24	0.1
-1.27	0.1
-1.33	0.1
-1.36	0.0
-1.42	0.0
-1.47	-0.1
-1.5	-0.1
-1.57	-0.2
-1.59	-0.30000000000000004
-1.6500000000000001	-0.4
-1.7	-0.6000000000000001
-1.72	-0.7000000000000001
-1.77	-0.8
-1.79	-1.0
-1.84	-1.1
-1.8800000000000001	-1.4000000000000001
-1.9100000000000001	-1.6
-1.95	-1.8
-1.97	-1.9000000000000001
-2.0100000000000002	-2.2
-2.05	-2.6
-2.07	-2.8000000000000003
-2.1	-3.2
-2.12	-3.3000000000000003
-2.16	-3.7
-2.19	-4.1000000000000005
-2.21	-4.4
-2.24	-4.800000000000001
-2.27	-5.2
-2.29	-5.5
-2.31	-5.9
-2.32	-6.2
-2.35	-6.7
-2.37	-7.2
-2.39	-7.5
-2.41	-8.0
-2.42	-8.3
-2.45	-8.8
-2.47	-9.3
-2.48	-9.600000000000001
-2.5100000000000002	-10.200000000000001
-2.52	-10.5
-2.54	-11.0
-2.57	-11.600000000000001
-2.58	-11.8
-2.6	-12.4
-2.61	-12.600000000000001
-2.64	-13.200000000000001
-2.66	-13.700000000000001
-2.67	-14.0
-2.7	-14.600000000000001
-2.73	-15.100000000000001
-2.74	-15.3
-2.77	-15.8
-2.7800000000000002	-16.1
-2.8000000000000003	-16.6
-2.82	-17.2
-2.84	-17.3
-2.86	-17.900000000000002
-2.87	-18.2
-2.9	-18.7
-2.93	-19.3
-2.94	-19.5
-2.96	-20.0
-2.98	-20.3
-3.0	-20.8
-3.02	-21.400000000000002
-3.04	-21.700000000000003
-3.06	-22.1
-3.08	-22.5
-3.1	-23.0
-3.12	-23.6
-3.13	-23.8
-3.16	-24.400000000000002
-3.17	-24.6
-3.19	-25.200000000000003
-3.22	-25.700000000000003
-3.23	-26.0
-3.25	-26.6
-3.2800000000000002	-27.1
-3.2800000000000002	-27.400000000000002
-3.31	-28.0
-3.3200000000000003	-28.200000000000003
-3.34	-28.8
-3.37	-29.400000000000002
-3.38	-29.6
-3.4	-30.200000000000003
-3.41	-30.5
-3.43	-31.1
-3.46	-31.6
-3.47	-32.0
-3.49	-32.5
-3.5	-32.800000000000004
-3.5100000000000002	-33.300000000000004
-3.54	-34.0
-3.5500000000000003	-34.300000000000004
-3.5700000000000003	-34.800000000000004
-3.58	-35.1
-3.6	-35.7
-3.63	-36.300000000000004
-3.63	-36.4
-3.66	-37.2
-3.67	-37.7
-3.69	-38.1
-3.71	-38.7
-3.72	-39.0
-3.74	-39.5
-3.75	-40.1
-3.7600000000000002	-40.400000000000006
-3.79	-41.0
-3.8000000000000003	-41.300000000000004
-3.81	-42.0
-3.84	-42.5
-3.85	-42.900000000000006
-3.87	-43.400000000000006
-3.88	-43.7
-3.89	-44.300000000000004
-3.91	-45.0
-3.92	-45.300000000000004
-3.94	-45.900000000000006
-3.95	-46.2
-3.97	-46.800000000000004
-3.99	-47.400000000000006
-4.0	-47.7
-4.0200000000000005	-48.400000000000006
-4.03	-48.7
-4.05	-49.300000000000004
-4.0600000000000005	-49.900000000000006
-4.07	-50.2
-4.09	-50.800000000000004
-4.11	-51.5
-4.12	-51.800000000000004
-4.14	-52.400000000000006
-4.14	-52.7
-4.16	-53.300000000000004
-4.18	-54.0
-4.19	-54.300000000000004
-4.21	-54.800000000000004
-4.21	-55.2
-4.23	-55.900000000000006
-4.25	-56.5
-4.26	-56.800000000000004
-4.28	-57.400000000000006
-4.29	-57.7
-4.3	-58.400000000000006
-4.32	-59.0
-4.33	-59.400000000000006
-4.34	-59.900000000000006
-4.3500000000000005	-60.300000000000004
-4.37	-61.0
-4.39	-61.7
-4.39	-61.900000000000006
-4.41	-62.6
-4.43	-63.300000000000004
-4.43	-63.6
-4.45	-64.2
-4.46	-64.5
-4.48	-65.2
-4.49	-65.8
-4.49	-66.2
-4.51	-66.8
-4.5200000000000005	-67.2
-4.54	-67.8
-4.55	-68.5
-4.5600000000000005	-68.8
-4.58	-69.4
-4.58	-69.8
-4.61	-70.4
-4.61	-71.10000000000001
-4.62	-71.5
-4.64	-72.10000000000001
-4.65	-72.4
-4.66	-73.10000000000001
-4.68	-73.8
-4.69	-74.10000000000001
-4.7	-74.7
-4.71	-75.2
-4.72	-75.7
-4.74	-76.4
-4.74	-76.80000000000001
-4.76	-77.4
-4.7700000000000005	-78.10000000000001
-4.78	-78.4
-4.8	-79.10000000000001
-4.8	-79.4
-4.82	-80.10000000000001
-4.83	-80.80000000000001
-4.84	-81.10000000000001
-4.86	-81.80000000000001
-4.86	-82.10000000000001
-4.88	-82.7
-4.89	-83.5
-4.9	-83.80000000000001
-4.91	-84.4
-4.92	-84.80000000000001
-4.93	-85.5
-4.94	-86.2
-4.95	-86.5
-4.96	-87.2
-4.97	-87.5
-4.99	-88.2
-5.0	-88.9
-5.01	-89.30000000000001
-5.0200000000000005	-90.0
-5.03	-90.60000000000001
-5.04	-90.9
-5.05	-91.7
-5.0600000000000005	-92.0
-5.07	-92.7
-5.09	-93.30000000000001
-5.09	-93.7
-5.11	-94.4
-5.11	-94.80000000000001
-5.13	-95.4
-5.14	-96.10000000000001
-5.15	-96.4
-5.16	-97.10000000000001
-5.16	-97.4
-5.18	-98.2
-5.19	-98.9
-5.2	-99.2
-5.21	-99.9
-5.22	-100.2
-5.23	-100.9
-5.24	-101.2
-5.25	-101.2
-5.26	-101.2
-5.2700000000000005	-101.2
