0.002	0.1
0.002	0.1
0.004	0.2
0.002	0.2
0.002	0.2
0.004	0.2
0.014	0.8
0.024	1.6
0.038	2.5
0.042	2.9000000000000004
0.048	3.3000000000000003
0.052000000000000005	3.6
0.058	3.9000000000000004
0.062	4.2
0.068	4.6000000000000005
0.078	5.2
0.082	5.6000000000000005
0.088	6.0
0.094	6.300000000000001
0.098	6.7
0.10400000000000001	7.0
0.108	7.300000000000001
0.11800000000000001	8.0
0.124	8.4
0.128	8.700000000000001
0.136	9.1
0.14200000000000002	9.5
0.146	9.8
0.15	10.200000000000001
0.156	10.5
0.168	11.3
0.17200000000000001	11.600000000000001
0.178	12.0
0.182	12.3
0.19	12.700000000000001
0.194	13.0
0.2	13.4
0.21	14.0
0.214	14.4
0.22	14.9
0.224	15.100000000000001
0.23	15.4
0.23600000000000002	15.8
0.242	16.1
0.252	16.8
0.256	17.2
0.264	17.5
0.268	17.900000000000002
0.274	18.3
0.28	18.6
0.28400000000000003	18.900000000000002
0.29	19.3
0.302	20.0
0.306	20.400000000000002
0.31	20.700000000000003
0.316	21.0
0.322	21.5
0.328	21.8
0.334	22.1
0.34400000000000003	22.900000000000002
0.35000000000000003	23.200000000000003
0.356	23.6
0.36	23.900000000000002
0.366	24.3
0.372	24.6
0.378	25.0
0.388	25.700000000000003
0.396	26.1
0.4	26.400000000000002
0.404	26.8
0.41000000000000003	27.1
0.41600000000000004	27.5
0.422	27.8
0.432	28.5
0.438	28.900000000000002
0.444	29.200000000000003
0.448	29.6
0.454	29.900000000000002
0.46	30.3
0.466	30.700000000000003
0.47200000000000003	31.0
0.484	31.700000000000003
0.486	32.1
0.492	32.4
0.498	32.7
0.504	33.1
0.51	33.5
0.516	33.800000000000004
0.526	34.5
0.532	34.9
0.538	35.2
0.544	35.6
0.55	35.9
0.556	36.300000000000004
0.562	36.7
0.5720000000000001	37.4
0.578	37.7
0.584	38.1
0.588	38.400000000000006
0.594	38.800000000000004
0.6	39.1
0.606	39.5
0.612	39.800000000000004
0.622	40.6
0.628	40.900000000000006
0.634	41.2
0.64	41.6
0.644	41.900000000000006
0.65	42.300000000000004
0.656	42.6
0.668	43.400000000000006
0.672	43.7
0.68	44.1
0.684	44.400000000000006
0.6900000000000001	44.7
0.6960000000000001	45.1
0.7020000000000001	45.400000000000006
0.714	46.2
0.72	46.5
0.724	46.900000000000006
0.73	47.2
0.736	47.6
0.742	47.900000000000006
0.748	48.300000000000004
0.758	49.0
0.764	49.300000000000004
0.77	49.7
0.776	50.1
0.782	50.400000000000006
0.788	50.7
0.794	51.1
0.8	51.5
0.812	52.2
0.8180000000000001	52.5
0.8220000000000001	52.800000000000004
0.8280000000000001	53.1
0.834	53.6
0.84	53.900000000000006
0.846	54.300000000000004
0.856	54.900000000000006
0.862	55.300000000000004
0.868	55.6
0.876	56.0
0.882	56.400000000000006
0.886	56.7
0.892	57.1
0.904	57.800000000000004
0.91	58.2
0.916	58.5
0.922	58.800000000000004
0.928	59.2
0.932	59.5
0.9400000000000001	59.900000000000006
0.9440000000000001	60.2
0.9560000000000001	60.900000000000006
0.962	61.400000000000006
0.968	61.6
0.974	61.900000000000006
0.98	62.400000000000006
0.986	62.7
0.992	63.1
1.002	63.7
1.008	64.0
1.014	64.4
1.02	64.7
1.026	65.10000000000001
1.032	65.5
1.038	65.8
1.05	66.4
1.056	66.8
1.062	67.2
1.068	67.60000000000001
1.074	67.9
1.08	68.2
1.086	68.60000000000001
1.098	69.2
1.104	69.60000000000001
1.11	69.9
1.116	70.3
1.12	70.7
1.1260000000000001	71.10000000000001
1.1320000000000001	71.4
1.1400000000000001	71.7
1.1500000000000001	72.4
1.156	72.8
1.162	73.10000000000001
1.168	73.5
1.174	73.8
1.18	74.10000000000001
1.188	74.5
1.198	75.2
1.204	75.5
1.21	75.9
1.216	76.2
1.224	76.60000000000001
1.228	76.9
1.236	77.30000000000001
1.246	78.0
1.252	78.30000000000001
1.258	78.7
1.264	79.0
1.272	79.4
1.278	79.7
1.284	80.10000000000001
1.288	80.4
1.302	81.10000000000001
1.308	81.4
1.314	81.80000000000001
1.32	82.10000000000001
1.326	82.4
1.33	82.80000000000001
1.338	83.10000000000001
1.35	83.9
1.356	84.2
1.362	84.5
1.368	84.80000000000001
1.374	85.2
1.3800000000000001	85.60000000000001
1.3860000000000001	85.9
1.4000000000000001	86.60000000000001
1.4040000000000001	87.0
1.41	87.30000000000001
1.416	87.60000000000001
1.422	88.0
1.428	88.30000000000001
1.434	88.7
1.448	89.4
1.452	89.7
1.458	90.0
1.466	90.4
1.472	90.80000000000001
1.478	91.10000000000001
1.484	91.4
1.49	91.80000000000001
1.502	92.5
1.508	92.80000000000001
1.516	93.2
1.52	93.5
1.526	93.9
1.532	94.2
1.54	94.5
1.552	95.2
1.558	95.60000000000001
1.564	95.9
1.57	96.2
1.576	96.60000000000001
1.582	96.9
1.588	97.30000000000001
1.602	98.0
1.608	98.30000000000001
1.612	98.60000000000001
1.62	99.0
1.6260000000000001	99.30000000000001
1.6320000000000001	99.7
1.6380000000000001	100.0
1.6440000000000001	100.30000000000001
