0.01	0.2
0.01	0.2
0.02	0.2
0.16	0.2
0.2	0.2
0.26	0.2
0.31	0.2
0.37	0.2
0.43	0.1
0.49	0.2
0.56	0.2
0.62	0.2
0.68	0.1
0.77	0.2
0.8300000000000001	0.2
0.9	0.2
0.96	0.1
1.02	0.2
1.08	0.2
1.1400000000000001	0.2
1.2	0.2
1.26	0.2
1.32	0.2
1.3800000000000001	0.1
1.45	0.2
1.51	0.2
1.6	0.2
1.6600000000000001	0.1
1.73	0.2
1.79	0.2
1.85	0.2
1.9100000000000001	0.2
1.98	0.2
2.0300000000000002	0.2
2.09	0.30000000000000004
2.16	0.2
2.22	0.2
2.2800000000000002	0.2
2.34	0.2
2.43	0.2
2.49	0.30000000000000004
2.5500000000000003	0.30000000000000004
2.62	0.30000000000000004
2.68	0.30000000000000004
2.74	0.30000000000000004
2.8000000000000003	0.30000000000000004
2.86	0.30000000000000004
2.92	0.4
2.98	0.4
3.04	0.5
3.1	0.5
3.15	0.6000000000000001
3.24	0.6000000000000001
3.31	0.7000000000000001
3.36	0.7000000000000001
3.42	0.8
3.47	0.9
3.5300000000000002	1.0
3.59	1.0
3.65	1.1
3.7	1.2000000000000002
3.7600000000000002	1.3
3.81	1.4000000000000001
3.86	1.5
3.94	1.7000000000000002
4.0	1.8
4.05	1.9000000000000001
4.1	2.0
4.15	2.2
4.2	2.3000000000000003
4.26	2.5
4.3100000000000005	2.6
4.36	2.8000000000000003
4.41	3.0
4.46	3.1
4.5	3.3000000000000003
4.55	3.5
4.63	3.8000000000000003
4.67	4.1000000000000005
4.72	4.2
4.7700000000000005	4.5
4.8100000000000005	4.7
4.86	4.9
4.89	5.1000000000000005
4.95	5.4
4.99	5.7
5.04	5.9
5.08	6.2
5.12	6.4
5.16	6.7
5.22	7.1000000000000005
5.26	7.4
5.3	7.7
5.3500000000000005	8.0
5.39	8.3
5.43	8.700000000000001
5.46	9.0
5.51	9.3
5.54	9.600000000000001
5.58	10.0
5.62	10.3
5.66	10.700000000000001
5.69	11.0
5.75	11.5
5.78	11.9
5.82	12.3
5.8500000000000005	12.600000000000001
5.89	13.0
5.92	13.4
5.96	13.8
5.99	14.100000000000001
6.03	14.5
6.0600000000000005	15.0
6.09	15.4
6.13	15.8
6.17	16.400000000000002
6.21	16.8
6.23	17.2
6.2700000000000005	17.7
6.3	18.1
6.33	18.6
6.36	19.0
6.390000000000001	19.400000000000002
6.42	19.8
6.45	20.3
6.48	20.700000000000003
6.51	21.200000000000003
6.54	21.6
6.58	22.400000000000002
6.61	22.8
6.640000000000001	23.3
6.67	23.8
6.69	24.200000000000003
6.72	24.700000000000003
6.75	25.200000000000003
6.7700000000000005	25.700000000000003
6.8	26.200000000000003
6.83	26.700000000000003
6.86	27.200000000000003
6.88	27.700000000000003
6.91	28.200000000000003
6.94	29.0
6.97	29.5
6.99	30.0
7.0200000000000005	30.5
7.04	31.0
7.0600000000000005	31.6
7.09	32.1
7.11	32.6
7.140000000000001	33.1
7.17	33.6
7.18	34.2
7.21	34.7
7.23	35.2
7.2700000000000005	36.0
7.29	36.6
7.3100000000000005	37.2
7.34	37.7
7.36	38.2
7.38	38.800000000000004
7.41	39.300000000000004
7.43	39.900000000000006
7.45	40.5
7.47	41.1
7.49	41.6
7.51	42.2
7.54	43.0
7.57	43.6
7.59	44.2
7.61	44.7
7.63	45.300000000000004
7.65	45.900000000000006
7.67	46.5
7.69	47.1
7.7	47.6
7.72	48.2
7.75	48.800000000000004
7.7700000000000005	49.300000000000004
7.79	50.0
7.8100000000000005	50.900000000000006
7.83	51.400000000000006
7.8500000000000005	52.1
7.87	52.6
7.890000000000001	53.2
7.91	53.800000000000004
7.930000000000001	54.400000000000006
7.95	55.0
7.96	55.6
7.99	56.2
8.0	56.800000000000004
8.03	57.5
8.040000000000001	58.1
8.07	59.0
8.08	59.6
8.1	60.2
8.120000000000001	60.800000000000004
8.14	61.400000000000006
8.16	62.1
8.17	62.7
8.19	63.300000000000004
8.21	63.900000000000006
8.22	64.5
8.24	65.2
8.25	65.8
8.27	66.4
8.3	67.4
8.31	68.0
8.33	68.60000000000001
8.35	69.3
8.36	69.9
8.38	70.60000000000001
8.39	71.2
8.42	71.8
8.43	72.5
8.44	73.10000000000001
8.46	73.7
8.48	74.4
8.5	75.4
8.51	76.0
8.53	76.60000000000001
8.540000000000001	77.30000000000001
8.56	77.9
8.57	78.60000000000001
8.59	79.2
8.6	79.9
8.620000000000001	80.5
8.63	81.2
8.65	81.80000000000001
8.66	82.5
8.67	83.10000000000001
8.69	84.10000000000001
8.71	84.80000000000001
8.73	85.4
8.74	86.0
8.76	86.80000000000001
8.77	87.4
8.78	88.0
8.8	88.80000000000001
8.81	89.4
8.83	90.10000000000001
8.84	90.7
8.85	91.4
8.870000000000001	92.0
8.89	93.0
8.9	93.60000000000001
8.91	94.4
8.92	94.9
8.94	95.7
8.96	96.4
8.96	97.10000000000001
8.98	97.7
8.99	98.4
9.0	99.10000000000001
9.02	99.80000000000001
9.03	100.4
9.040000000000001	101.10000000000001
