0.002	0.2
0.002	0.2
0.0	0.1
0.004	0.2
0.002	0.2
0.002	0.2
0.014	0.8
0.024	1.6
0.038	2.5
0.044	2.9000000000000004
0.048	3.2
0.052000000000000005	3.6
0.056	3.9000000000000004
0.062	4.2
0.068	4.6000000000000005
0.078	5.300000000000001
0.084	5.6000000000000005
0.088	5.9
0.092	6.300000000000001
0.098	6.7
0.10400000000000001	7.0
0.108	7.300000000000001
0.12	8.0
0.124	8.4
0.13	8.8
0.134	9.1
0.14	9.5
0.146	9.8
0.15	10.200000000000001
0.158	10.5
0.168	11.3
0.17200000000000001	11.600000000000001
0.178	12.0
0.184	12.3
0.19	12.700000000000001
0.194	13.0
0.2	13.3
0.21	14.100000000000001
0.214	14.4
0.22	14.700000000000001
0.226	15.100000000000001
0.23	15.4
0.23600000000000002	15.700000000000001
0.24	16.1
0.252	16.900000000000002
0.258	17.2
0.262	17.5
0.27	17.900000000000002
0.274	18.2
0.278	18.7
0.28400000000000003	19.0
0.29	19.3
0.3	20.0
0.306	20.400000000000002
0.312	20.700000000000003
0.318	21.1
0.322	21.5
0.328	21.8
0.332	22.1
0.34400000000000003	22.900000000000002
0.35000000000000003	23.200000000000003
0.356	23.5
0.362	23.900000000000002
0.366	24.3
0.372	24.700000000000003
0.378	25.0
0.39	25.700000000000003
0.394	26.1
0.4	26.400000000000002
0.406	26.8
0.41000000000000003	27.1
0.41600000000000004	27.5
0.422	27.900000000000002
0.432	28.5
0.44	28.900000000000002
0.444	29.200000000000003
0.448	29.6
0.454	30.0
0.46	30.3
0.466	30.700000000000003
0.47200000000000003	31.0
0.482	31.700000000000003
0.488	32.0
0.494	32.4
0.498	32.7
0.504	33.2
0.512	33.5
0.518	33.9
0.528	34.6
0.534	34.9
0.538	35.300000000000004
0.544	35.6
0.55	36.0
0.556	36.300000000000004
0.56	36.7
0.5740000000000001	37.4
0.578	37.7
0.584	38.1
0.588	38.400000000000006
0.594	38.800000000000004
0.6	39.1
0.606	39.5
0.612	39.900000000000006
0.622	40.6
0.628	40.900000000000006
0.634	41.300000000000004
0.64	41.6
0.646	42.0
0.652	42.300000000000004
0.658	42.7
0.668	43.400000000000006
0.674	43.800000000000004
0.68	44.0
0.686	44.400000000000006
0.6920000000000001	44.800000000000004
0.6980000000000001	45.1
0.7020000000000001	45.5
0.714	46.2
0.72	46.6
0.726	46.900000000000006
0.732	47.300000000000004
0.736	47.6
0.744	48.0
0.748	48.300000000000004
0.76	49.0
0.766	49.400000000000006
0.77	49.7
0.778	50.0
0.782	50.400000000000006
0.788	50.800000000000004
0.794	51.1
0.8	51.5
0.812	52.2
0.8180000000000001	52.5
0.8240000000000001	52.900000000000006
0.8300000000000001	53.2
0.834	53.6
0.842	54.0
0.846	54.300000000000004
0.858	55.0
0.864	55.300000000000004
0.868	55.7
0.876	56.0
0.882	56.400000000000006
0.886	56.7
0.894	57.1
0.904	57.800000000000004
0.91	58.1
0.916	58.5
0.922	58.800000000000004
0.928	59.2
0.934	59.6
0.9400000000000001	59.900000000000006
0.9440000000000001	60.300000000000004
0.9580000000000001	60.900000000000006
0.964	61.300000000000004
0.968	61.6
0.974	62.0
0.98	62.300000000000004
0.986	62.7
0.992	63.1
1.004	63.7
1.01	64.10000000000001
1.016	64.4
1.022	64.8
1.028	65.10000000000001
1.034	65.5
1.04	65.8
1.05	66.5
1.058	66.9
1.064	67.2
1.07	67.60000000000001
1.076	67.9
1.082	68.3
1.086	68.60000000000001
1.098	69.3
1.104	69.60000000000001
1.11	70.0
1.116	70.4
1.122	70.7
1.1280000000000001	71.10000000000001
1.1340000000000001	71.4
1.1400000000000001	71.7
1.1520000000000001	72.5
1.158	72.8
1.164	73.10000000000001
1.17	73.5
1.176	73.9
1.18	74.10000000000001
1.188	74.5
1.2	75.2
1.206	75.60000000000001
1.212	76.0
1.218	76.2
1.224	76.60000000000001
1.23	77.0
1.236	77.30000000000001
1.248	78.0
1.254	78.4
1.26	78.7
1.266	79.0
1.272	79.4
1.278	79.80000000000001
1.286	80.10000000000001
1.29	80.4
1.302	81.10000000000001
1.31	81.5
1.314	81.80000000000001
1.32	82.2
1.328	82.5
1.332	82.80000000000001
1.34	83.2
1.352	83.9
1.358	84.2
1.364	84.60000000000001
1.37	85.0
1.3760000000000001	85.30000000000001
1.3820000000000001	85.60000000000001
1.3860000000000001	85.9
1.4000000000000001	86.60000000000001
1.4060000000000001	87.0
1.412	87.2
1.416	87.7
1.424	88.0
1.428	88.30000000000001
1.436	88.7
1.448	89.5
1.454	89.80000000000001
1.462	90.10000000000001
1.466	90.5
1.474	90.80000000000001
1.478	91.2
1.486	91.5
1.492	91.9
1.504	92.5
1.51	92.9
1.516	93.2
1.522	93.60000000000001
1.528	93.9
1.534	94.2
1.54	94.60000000000001
1.554	95.30000000000001
1.56	95.7
1.566	96.0
1.572	96.30000000000001
1.578	96.7
1.584	97.0
1.59	97.30000000000001
1.604	98.0
1.61	98.4
1.616	98.7
1.622	99.10000000000001
1.6280000000000001	99.4
1.6340000000000001	99.7
1.6400000000000001	100.10000000000001
1.6460000000000001	100.4
