0.01	0.2
0.01	0.2
0.02	0.2
0.16	0.2
0.21	0.1
0.25	0.2
0.31	0.2
0.37	0.2
0.43	0.2
0.49	0.2
0.56	0.2
0.62	0.1
0.68	0.1
0.76	0.2
0.8300000000000001	0.1
0.9	0.2
0.96	0.2
1.02	0.2
1.08	0.2
1.1400000000000001	0.2
1.2	0.2
1.26	0.2
1.32	0.2
1.3800000000000001	0.1
1.45	0.2
1.51	0.1
1.6	0.2
1.6600000000000001	0.2
1.73	0.2
1.79	0.2
1.85	0.2
1.9100000000000001	0.1
1.98	0.2
2.04	0.2
2.1	0.2
2.16	0.30000000000000004
2.22	0.30000000000000004
2.2800000000000002	0.2
2.34	0.2
2.43	0.2
2.5	0.2
2.56	0.30000000000000004
2.62	0.30000000000000004
2.68	0.30000000000000004
2.74	0.30000000000000004
2.8000000000000003	0.30000000000000004
2.86	0.4
2.92	0.4
2.98	0.4
3.04	0.5
3.1	0.5
3.16	0.5
3.24	0.6000000000000001
3.3000000000000003	0.6000000000000001
3.37	0.7000000000000001
3.42	0.8
3.48	0.8
3.5300000000000002	0.9
3.58	1.0
3.65	1.1
3.7	1.2000000000000002
3.7600000000000002	1.3
3.81	1.4000000000000001
3.86	1.5
3.94	1.6
4.0	1.8
4.05	1.9000000000000001
4.1	2.0
4.16	2.2
4.2	2.3000000000000003
4.26	2.5
4.3100000000000005	2.6
4.36	2.8000000000000003
4.41	3.0
4.46	3.1
4.51	3.3000000000000003
4.5600000000000005	3.5
4.63	3.9000000000000004
4.68	4.0
4.73	4.3
4.78	4.5
4.8100000000000005	4.7
4.86	4.9
4.9	5.1000000000000005
4.95	5.4
4.99	5.6000000000000005
5.03	5.9
5.08	6.2
5.12	6.5
5.16	6.7
5.22	7.1000000000000005
5.26	7.4
5.3	7.7
5.3500000000000005	8.0
5.39	8.3
5.43	8.6
5.47	9.0
5.51	9.3
5.55	9.600000000000001
5.58	9.9
5.61	10.3
5.66	10.600000000000001
5.69	11.0
5.75	11.5
5.78	11.8
5.82	12.3
5.86	12.600000000000001
5.89	13.0
5.92	13.4
5.96	13.8
5.99	14.100000000000001
6.03	14.5
6.0600000000000005	14.9
6.09	15.3
6.12	15.8
6.17	16.400000000000002
6.2	16.8
6.24	17.3
6.2700000000000005	17.7
6.3	18.0
6.33	18.5
6.36	18.900000000000002
6.390000000000001	19.5
6.42	19.8
6.45	20.3
6.48	20.8
6.51	21.200000000000003
6.54	21.6
6.58	22.3
6.61	22.8
6.640000000000001	23.3
6.66	23.8
6.69	24.3
6.72	24.700000000000003
6.75	25.200000000000003
6.7700000000000005	25.700000000000003
6.79	26.200000000000003
6.83	26.700000000000003
6.8500000000000005	27.200000000000003
6.88	27.700000000000003
6.9	28.200000000000003
6.95	28.900000000000002
6.97	29.5
6.99	29.900000000000002
7.0200000000000005	30.5
7.04	31.0
7.07	31.5
7.09	32.1
7.12	32.6
7.140000000000001	33.1
7.16	33.6
7.19	34.2
7.21	34.7
7.23	35.2
7.2700000000000005	36.0
7.29	36.6
7.3100000000000005	37.2
7.34	37.7
7.36	38.2
7.38	38.800000000000004
7.4	39.400000000000006
7.43	39.900000000000006
7.44	40.400000000000006
7.47	41.0
7.49	41.6
7.51	42.1
7.54	43.0
7.5600000000000005	43.6
7.58	44.1
7.61	44.7
7.63	45.300000000000004
7.640000000000001	45.900000000000006
7.67	46.400000000000006
7.68	47.0
7.71	47.6
7.73	48.2
7.75	48.800000000000004
7.76	49.300000000000004
7.78	50.0
7.8100000000000005	50.800000000000004
7.83	51.400000000000006
7.86	52.0
7.87	52.6
7.890000000000001	53.2
7.91	53.800000000000004
7.930000000000001	54.400000000000006
7.95	55.0
7.97	55.6
7.99	56.2
8.0	56.800000000000004
8.02	57.400000000000006
8.040000000000001	58.0
8.07	59.0
8.09	59.6
8.1	60.2
8.120000000000001	60.800000000000004
8.13	61.400000000000006
8.15	62.0
8.17	62.7
8.19	63.2
8.21	63.900000000000006
8.22	64.5
8.23	65.10000000000001
8.26	65.8
8.27	66.4
8.3	67.4
8.32	68.0
8.33	68.60000000000001
8.34	69.2
8.36	69.9
8.38	70.5
8.39	71.2
8.41	71.8
8.43	72.4
8.44	73.0
8.45	73.7
8.47	74.3
8.49	75.3
8.51	75.9
8.53	76.60000000000001
8.540000000000001	77.30000000000001
8.56	77.9
8.57	78.5
8.59	79.10000000000001
8.6	79.80000000000001
8.620000000000001	80.5
8.63	81.10000000000001
8.65	81.80000000000001
8.66	82.4
8.68	83.10000000000001
8.700000000000001	84.0
8.71	84.7
8.73	85.4
8.74	86.0
8.75	86.7
8.77	87.30000000000001
8.78	88.0
8.790000000000001	88.7
8.81	89.30000000000001
8.83	89.9
8.84	90.60000000000001
8.85	91.30000000000001
8.86	92.0
8.89	93.0
8.9	93.60000000000001
8.92	94.30000000000001
8.92	95.0
8.94	95.60000000000001
8.96	96.30000000000001
8.97	97.0
8.98	97.60000000000001
8.99	98.30000000000001
9.0	99.0
9.02	99.7
9.03	100.4
9.040000000000001	101.10000000000001
