0.005	0.02
0.005	0.02
0.005	0.04
0.005	0.02
0.005	0.04
0.005	0.02
0.005	0.04
0.005	0.02
0.005	0.02
0.0	0.02
-0.035	0.04
-0.105	0.04
-0.105	0.02
-0.135	0.02
-0.16	0.02
-0.185	0.02
-0.185	0.04
-0.215	0.02
-0.245	0.02
-0.28	0.04
-0.28	0.02
-0.31	0.02
-0.34	0.02
-0.375	0.02
-0.375	0.02
-0.4	0.02
-0.435	0.02
-0.465	0.02
-0.465	0.02
-0.495	0.04
-0.53	0.02
-0.56	0.02
-0.56	0.02
-0.59	0.04
-0.62	0.02
-0.655	0.02
-0.655	0.02
-0.6900000000000001	0.02
-0.72	0.02
-0.75	0.02
-0.75	0.02
-0.785	0.02
-0.8200000000000001	0.02
-0.85	0.04
-0.85	0.02
-0.88	0.02
-0.915	0.02
-0.9450000000000001	0.02
-0.9450000000000001	0.0
-0.975	0.02
-1.0050000000000001	0.04
-1.01	0.02
-1.04	0.02
-1.07	0.02
-1.1	0.02
-1.1	0.02
-1.1300000000000001	0.04
-1.165	0.02
-1.19	0.02
-1.19	0.02
-1.22	0.02
-1.25	0.02
-1.285	0.02
-1.285	0.02
-1.32	0.02
-1.35	0.02
-1.3800000000000001	0.04
-1.3800000000000001	0.02
-1.41	0.02
-1.445	0.02
-1.475	0.02
-1.48	0.02
-1.51	0.02
-1.54	0.02
-1.57	0.02
-1.57	0.02
-1.6	0.0
-1.635	0.0
-1.67	0.0
-1.665	0.0
-1.695	0.0
-1.73	0.0
-1.76	-0.02
-1.76	-0.02
-1.79	-0.04
-1.825	-0.04
-1.855	-0.06
-1.855	-0.06
-1.885	-0.08
-1.915	-0.1
-1.945	-0.12
-1.945	-0.12
-1.975	-0.14
-2.005	-0.16
-2.035	-0.2
-2.0300000000000002	-0.2
-2.06	-0.24
-2.09	-0.28
-2.12	-0.32
-2.12	-0.32
-2.145	-0.38
-2.1750000000000003	-0.42
-2.1750000000000003	-0.42
-2.2	-0.48
-2.225	-0.56
-2.255	-0.62
-2.255	-0.62
-2.2800000000000002	-0.7000000000000001
-2.305	-0.78
-2.33	-0.84
-2.33	-0.86
-2.355	-0.9400000000000001
-2.38	-1.04
-2.4050000000000002	-1.1400000000000001
-2.4050000000000002	-1.1400000000000001
-2.43	-1.24
-2.45	-1.36
-2.475	-1.48
-2.47	-1.48
-2.495	-1.6
-2.515	-1.72
-2.535	-1.86
-2.54	-1.86
-2.56	-2.0
-2.58	-2.14
-2.605	-2.3000000000000003
-2.605	-2.3000000000000003
-2.625	-2.42
-2.645	-2.58
-2.665	-2.74
-2.665	-2.72
-2.685	-2.86
-2.705	-3.0
-2.725	-3.14
-2.73	-3.14
-2.75	-3.2800000000000002
-2.77	-3.42
-2.795	-3.56
-2.795	-3.56
-2.815	-3.68
-2.835	-3.8200000000000003
-2.86	-3.94
-2.855	-3.94
-2.88	-4.1
-2.9	-4.22
-2.9250000000000003	-4.36
-2.92	-4.36
-2.945	-4.48
-2.965	-4.64
-2.985	-4.78
-2.985	-4.78
-3.0100000000000002	-4.92
-3.0300000000000002	-5.0600000000000005
-3.0300000000000002	-5.0600000000000005
-3.0500000000000003	-5.2
-3.0700000000000003	-5.36
-3.09	-5.5
-3.09	-5.5
-3.115	-5.66
-3.13	-5.8
-3.15	-5.96
-3.1550000000000002	-5.96
-3.17	-6.12
-3.1950000000000003	-6.26
-3.215	-6.42
-3.215	-6.42
-3.235	-6.6000000000000005
-3.25	-6.76
-3.27	-6.92
-3.27	-6.92
-3.29	-7.08
-3.31	-7.26
-3.325	-7.42
-3.33	-7.42
-3.35	-7.6000000000000005
-3.365	-7.78
-3.3850000000000002	-7.96
-3.3850000000000002	-7.94
-3.4	-8.120000000000001
-3.42	-8.32
-3.44	-8.5
-3.44	-8.48
-3.455	-8.66
-3.475	-8.86
-3.495	-9.040000000000001
-3.495	-9.040000000000001
-3.5100000000000002	-9.22
-3.525	-9.42
-3.545	-9.620000000000001
-3.545	-9.620000000000001
-3.56	-9.8
-3.58	-10.0
-3.595	-10.200000000000001
-3.595	-10.200000000000001
-3.61	-10.38
-3.63	-10.58
-3.645	-10.8
-3.645	-10.78
-3.665	-11.0
-3.68	-11.200000000000001
-3.6950000000000003	-11.4
-3.6950000000000003	-11.4
-3.71	-11.6
-3.73	-11.82
-3.725	-11.82
-3.745	-12.0
-3.765	-12.22
-3.775	-12.42
-3.775	-12.42
-3.79	-12.64
-3.81	-12.86
-3.825	-13.08
-3.8200000000000003	-13.08
-3.84	-13.3
-3.855	-13.540000000000001
-3.87	-13.74
-3.87	-13.74
-3.8850000000000002	-13.96
-3.9	-14.16
-3.915	-14.4
-3.915	-14.4
-3.93	-14.620000000000001
-3.9450000000000003	-14.84
-3.96	-15.06
-3.9650000000000003	-15.06
-3.975	-15.280000000000001
-3.99	-15.5
-4.005	-15.72
-4.005	-15.72
-4.0200000000000005	-15.94
-4.035	-16.18
-4.045	-16.4
-4.045	-16.4
-4.0600000000000005	-16.64
-4.075	-16.88
-4.09	-17.12
-4.09	-17.12
-4.105	-17.36
-4.12	-17.580000000000002
-4.13	-17.8
-4.135	-17.8
-4.1450000000000005	-18.04
-4.165	-18.28
-4.175	-18.52
-4.175	-18.5
-4.19	-18.78
-4.2	-18.98
-4.215	-19.22
-4.22	-19.22
-4.23	-19.46
-4.245	-19.7
-4.255	-19.94
-4.26	-19.96
-4.2700000000000005	-20.18
-4.285	-20.240000000000002
-4.285	-20.240000000000002
