0.005	0.04
0.005	0.04
0.005	0.02
0.005	0.02
0.005	0.02
0.005	0.02
0.005	0.02
0.0	0.02
0.005	0.02
0.0	0.04
-0.035	0.02
-0.105	0.02
-0.11	0.02
-0.135	0.02
-0.16	0.02
-0.19	0.02
-0.19	0.02
-0.22	0.04
-0.25	0.04
-0.28	0.02
-0.28	0.02
-0.31	0.02
-0.34	0.04
-0.36	0.02
-0.37	0.02
-0.405	0.02
-0.435	0.02
-0.465	0.04
-0.47000000000000003	0.02
-0.5	0.02
-0.53	0.04
-0.56	0.02
-0.56	0.04
-0.59	0.02
-0.62	0.02
-0.655	0.02
-0.655	0.02
-0.685	0.02
-0.72	0.02
-0.75	0.02
-0.75	0.02
-0.785	0.02
-0.8200000000000001	0.02
-0.85	0.02
-0.85	0.02
-0.88	0.02
-0.91	0.02
-0.9450000000000001	0.02
-0.9400000000000001	0.04
-0.975	0.02
-1.0050000000000001	0.02
-1.01	0.02
-1.04	0.02
-1.07	0.02
-1.105	0.02
-1.1	0.02
-1.1300000000000001	0.04
-1.165	0.02
-1.19	0.02
-1.19	0.04
-1.22	0.02
-1.2550000000000001	0.02
-1.285	0.02
-1.285	0.02
-1.32	0.04
-1.35	0.02
-1.3800000000000001	0.04
-1.3800000000000001	0.02
-1.41	0.02
-1.445	0.02
-1.475	0.02
-1.475	0.02
-1.51	0.02
-1.54	0.0
-1.575	0.02
-1.57	0.02
-1.6	0.02
-1.635	0.02
-1.665	0.0
-1.665	0.0
-1.7	0.0
-1.73	-0.02
-1.7650000000000001	-0.02
-1.7650000000000001	-0.02
-1.79	-0.04
-1.825	-0.04
-1.85	-0.06
-1.855	-0.06
-1.885	-0.08
-1.915	-0.08
-1.945	-0.1
-1.945	-0.12
-1.975	-0.14
-2.005	-0.16
-2.035	-0.2
-2.035	-0.2
-2.065	-0.24
-2.09	-0.28
-2.12	-0.32
-2.12	-0.32
-2.145	-0.38
-2.1750000000000003	-0.42
-2.1750000000000003	-0.42
-2.2	-0.48
-2.23	-0.54
-2.255	-0.62
-2.255	-0.62
-2.2800000000000002	-0.7000000000000001
-2.305	-0.76
-2.33	-0.86
-2.33	-0.86
-2.355	-0.9400000000000001
-2.38	-1.04
-2.4050000000000002	-1.1400000000000001
-2.4050000000000002	-1.1400000000000001
-2.43	-1.24
-2.45	-1.36
-2.47	-1.48
-2.47	-1.46
-2.49	-1.6
-2.515	-1.72
-2.535	-1.84
-2.535	-1.84
-2.56	-1.98
-2.58	-2.12
-2.595	-2.2800000000000002
-2.6	-2.2800000000000002
-2.62	-2.42
-2.64	-2.58
-2.665	-2.72
-2.665	-2.72
-2.685	-2.86
-2.705	-3.0
-2.725	-3.12
-2.725	-3.14
-2.75	-3.2800000000000002
-2.77	-3.4
-2.79	-3.54
-2.795	-3.54
-2.81	-3.68
-2.83	-3.7800000000000002
-2.855	-3.92
-2.855	-3.94
-2.875	-4.0600000000000005
-2.895	-4.2
-2.92	-4.34
-2.92	-4.34
-2.94	-4.48
-2.965	-4.62
-2.985	-4.76
-2.985	-4.76
-3.005	-4.9
-3.025	-5.04
-3.025	-5.04
-3.045	-5.18
-3.0700000000000003	-5.34
-3.085	-5.48
-3.09	-5.46
-3.11	-5.64
-3.13	-5.78
-3.15	-5.94
-3.15	-5.92
-3.165	-6.08
-3.19	-6.24
-3.205	-6.4
-3.205	-6.4
-3.23	-6.5600000000000005
-3.25	-6.72
-3.27	-6.9
-3.27	-6.88
-3.285	-7.0600000000000005
-3.305	-7.24
-3.325	-7.4
-3.325	-7.4
-3.345	-7.5600000000000005
-3.365	-7.74
-3.38	-7.92
-3.38	-7.92
-3.4	-8.1
-3.42	-8.28
-3.435	-8.46
-3.435	-8.46
-3.455	-8.620000000000001
-3.47	-8.8
-3.49	-9.0
-3.49	-9.02
-3.505	-9.200000000000001
-3.52	-9.38
-3.54	-9.56
-3.54	-9.56
-3.555	-9.76
-3.575	-9.96
-3.595	-10.16
-3.595	-10.14
-3.61	-10.34
-3.625	-10.540000000000001
-3.64	-10.74
-3.64	-10.72
-3.66	-10.94
-3.6750000000000003	-11.14
-3.69	-11.34
-3.6950000000000003	-11.34
-3.705	-11.540000000000001
-3.725	-11.76
-3.725	-11.76
-3.74	-11.96
-3.755	-12.16
-3.77	-12.36
-3.77	-12.38
-3.785	-12.58
-3.8000000000000003	-12.8
-3.8200000000000003	-13.02
-3.815	-13.02
-3.835	-13.24
-3.85	-13.46
-3.87	-13.66
-3.865	-13.66
-3.88	-13.88
-3.895	-14.1
-3.91	-14.32
-3.91	-14.32
-3.9250000000000003	-14.540000000000001
-3.94	-14.76
-3.955	-14.98
-3.955	-14.98
-3.97	-15.200000000000001
-3.985	-15.42
-4.0	-15.64
-3.995	-15.64
-4.015	-15.88
-4.025	-16.1
-4.04	-16.32
-4.045	-16.32
-4.055	-16.54
-4.07	-16.78
-4.085	-17.02
-4.085	-17.02
-4.1	-17.240000000000002
-4.115	-17.48
-4.125	-17.72
-4.125	-17.7
-4.14	-17.96
-4.155	-18.18
-4.17	-18.42
-4.17	-18.42
-4.18	-18.66
-4.195	-18.88
-4.21	-19.12
-4.21	-19.12
-4.22	-19.36
-4.24	-19.6
-4.255	-19.84
-4.25	-19.86
-4.265	-20.080000000000002
-4.28	-20.240000000000002
-4.28	-20.240000000000002
