0.005	0.02
0.005	0.02
0.005	0.02
0.005	0.02
0.01	0.02
0.005	0.02
0.005	0.02
0.0	0.02
0.0	0.02
-0.035	0.02
-0.035	0.02
-0.105	0.04
-0.13	0.02
-0.16	0.02
-0.155	0.02
-0.19	0.02
-0.215	0.02
-0.25	0.02
-0.28	0.02
-0.28	0.02
-0.315	0.02
-0.34	0.02
-0.37	0.02
-0.405	0.02
-0.405	0.02
-0.435	0.02
-0.465	0.02
-0.5	0.02
-0.5	0.04
-0.53	0.02
-0.56	0.04
-0.59	0.04
-0.625	0.04
-0.625	0.02
-0.655	0.02
-0.6900000000000001	0.02
-0.72	0.02
-0.75	0.02
-0.75	0.02
-0.785	0.02
-0.8150000000000001	0.02
-0.85	0.04
-0.85	0.02
-0.88	0.02
-0.91	0.02
-0.9400000000000001	0.02
-0.975	0.02
-0.98	0.02
-1.0050000000000001	0.02
-1.04	0.04
-1.07	0.02
-1.07	0.02
-1.1	0.02
-1.135	0.02
-1.165	0.02
-1.19	0.02
-1.19	0.02
-1.22	0.02
-1.2550000000000001	0.02
-1.285	0.02
-1.315	0.02
-1.32	0.02
-1.35	0.02
-1.385	0.02
-1.415	0.02
-1.41	0.04
-1.445	0.02
-1.475	0.02
-1.51	0.02
-1.54	0.02
-1.54	0.02
-1.57	0.02
-1.6	0.04
-1.635	0.04
-1.67	0.02
-1.67	0.02
-1.7	0.02
-1.73	0.04
-1.7650000000000001	0.02
-1.7650000000000001	0.02
-1.8	0.02
-1.83	0.04
-1.865	0.02
-1.895	0.02
-1.8900000000000001	0.02
-1.925	0.02
-1.955	0.02
-1.99	0.02
-2.02	0.02
-2.02	0.02
-2.05	0.02
-2.085	0.02
-2.115	0.02
-2.115	0.04
-2.145	0.02
-2.18	0.02
-2.21	0.02
-2.245	0.02
-2.245	0.02
-2.275	0.04
-2.31	0.02
-2.345	0.02
-2.34	0.02
-2.375	0.02
-2.4050000000000002	0.02
-2.435	0.02
-2.47	0.02
-2.47	0.02
-2.5	0.02
-2.5300000000000002	0.02
-2.565	0.02
-2.595	0.0
-2.595	0.0
-2.62	-0.02
-2.6550000000000002	-0.04
-2.685	-0.08
-2.68	-0.08
-2.715	-0.1
-2.74	-0.16
-2.77	-0.2
-2.8000000000000003	-0.24
-2.8000000000000003	-0.24
-2.825	-0.28
-2.855	-0.36
-2.88	-0.42
-2.9050000000000002	-0.48
-2.9050000000000002	-0.48
-2.935	-0.56
-2.955	-0.64
-2.985	-0.7000000000000001
-2.985	-0.7000000000000001
-3.0100000000000002	-0.8
-3.035	-0.9
-3.06	-0.98
-3.08	-1.08
-3.08	-1.08
-3.105	-1.18
-3.13	-1.3
-3.15	-1.4000000000000001
-3.18	-1.52
-3.18	-1.52
-3.2	-1.6400000000000001
-3.22	-1.76
-3.245	-1.9000000000000001
-3.245	-1.8800000000000001
-3.27	-2.02
-3.29	-2.16
-3.305	-2.3000000000000003
-3.33	-2.42
-3.335	-2.42
-3.35	-2.58
-3.375	-2.72
-3.39	-2.88
-3.39	-2.88
-3.415	-3.02
-3.435	-3.18
-3.455	-3.34
-3.47	-3.5
-3.475	-3.5
-3.495	-3.66
-3.515	-3.8200000000000003
-3.535	-4.0
-3.5500000000000003	-4.18
-3.5500000000000003	-4.18
-3.5700000000000003	-4.34
-3.59	-4.5200000000000005
-3.605	-4.68
-3.605	-4.68
-3.625	-4.86
-3.645	-5.04
-3.66	-5.24
-3.68	-5.4
-3.68	-5.42
-3.6950000000000003	-5.6000000000000005
-3.71	-5.8
-3.73	-5.98
-3.745	-6.16
-3.75	-6.16
-3.765	-6.36
-3.7800000000000002	-6.5600000000000005
-3.8000000000000003	-6.74
-3.8000000000000003	-6.76
-3.8200000000000003	-6.96
-3.835	-7.16
-3.85	-7.36
-3.865	-7.5600000000000005
-3.865	-7.5600000000000005
-3.8850000000000002	-7.76
-3.9	-7.96
-3.915	-8.18
-3.93	-8.38
-3.93	-8.38
-3.95	-8.6
-3.9650000000000003	-8.8
-3.98	-9.02
-3.98	-9.02
-3.995	-9.24
-4.01	-9.42
-4.03	-9.66
-4.04	-9.88
-4.04	-9.88
-4.0600000000000005	-10.1
-4.075	-10.32
-4.09	-10.56
-4.09	-10.56
-4.105	-10.78
-4.12	-10.98
-4.135	-11.200000000000001
-4.15	-11.44
-4.15	-11.44
-4.165	-11.66
-4.18	-11.9
-4.195	-12.1
-4.21	-12.34
-4.21	-12.34
-4.225	-12.56
-4.24	-12.8
-4.255	-13.02
-4.25	-13.02
-4.265	-13.26
-4.28	-13.5
-4.295	-13.72
-4.3100000000000005	-13.98
-4.3100000000000005	-13.96
-4.325	-14.22
-4.34	-14.44
-4.3500000000000005	-14.700000000000001
-4.365	-14.92
-4.365	-14.92
-4.385	-15.16
-4.3950000000000005	-15.4
-4.405	-15.64
-4.41	-15.64
-4.425	-15.88
-4.4350000000000005	-16.12
-4.45	-16.36
-4.46	-16.62
-4.465	-16.6
-4.4750000000000005	-16.86
-4.49	-17.12
-4.505	-17.34
-4.515	-17.580000000000002
-4.515	-17.580000000000002
-4.53	-17.84
-4.545	-18.1
-4.5600000000000005	-18.34
-4.555	-18.34
-4.57	-18.580000000000002
-4.585	-18.82
-4.6000000000000005	-19.1
-4.61	-19.34
-4.61	-19.34
-4.62	-19.6
-4.635	-19.86
-4.65	-20.1
-4.6450000000000005	-20.1
