0.01	0.02
0.22	0.02
0.41000000000000003	0.02
0.62	0.02
0.8200000000000001	0.02
1.01	0.02
1.22	0.04
1.42	0.02
1.62	0.02
1.82	0.02
2.02	0.02
2.22	0.02
2.43	0.02
2.63	0.04
2.82	0.02
3.02	0.04
3.22	0.02
3.43	0.02
3.63	0.04
3.83	0.04
4.0200000000000005	0.06
4.23	0.08
4.43	0.12
4.6000000000000005	0.3
4.79	0.32
4.99	0.36
5.17	0.42
5.42	0.42
5.6000000000000005	0.58
5.74	0.7000000000000001
5.99	0.86
6.19	1.08
6.37	1.32
6.6000000000000005	1.58
6.73	1.8800000000000001
6.88	2.14
7.1000000000000005	2.6
7.32	3.12
7.53	3.66
7.74	4.3
7.94	5.0200000000000005
8.15	5.86
8.34	6.76
8.56	7.82
8.77	9.0
8.97	10.32
9.18	11.82
9.41	13.58
9.63	15.5
9.85	17.52
10.05	19.44
10.11	20.22
