0.005	0.02
0.01	0.02
0.005	0.02
0.005	0.02
0.005	0.02
0.01	0.02
0.005	0.02
0.005	0.02
0.005	0.02
0.005	0.02
0.01	0.04
0.01	0.04
0.05	0.48
0.05	0.48
0.09	0.9
0.09	0.88
0.115	1.12
0.115	1.12
0.13	1.28
0.13	1.28
0.145	1.44
0.145	1.42
0.16	1.58
0.155	1.58
0.17500000000000002	1.72
0.17500000000000002	1.74
0.19	1.9000000000000001
0.19	1.9000000000000001
0.20500000000000002	2.06
0.20500000000000002	2.06
0.22	2.22
0.22	2.22
0.245	2.4
0.24	2.4
0.255	2.58
0.255	2.56
0.275	2.74
0.275	2.74
0.295	2.92
0.295	2.92
0.31	3.1
0.31	3.1
0.33	3.2600000000000002
0.33	3.2600000000000002
0.34500000000000003	3.44
0.34500000000000003	3.42
0.365	3.6
0.365	3.6
0.38	3.7800000000000002
0.38	3.7800000000000002
0.4	3.94
0.4	3.94
0.41500000000000004	4.12
0.435	4.3
0.435	4.28
0.45	4.46
0.45	4.46
0.47000000000000003	4.62
0.47000000000000003	4.62
0.49	4.8
0.49	4.8
0.505	4.96
0.51	4.96
0.525	5.16
0.525	5.14
0.545	5.32
0.545	5.32
0.56	5.48
0.56	5.5
0.58	5.66
0.58	5.66
0.6	5.84
0.6	5.84
0.62	6.0
0.62	6.0
0.635	6.18
0.635	6.16
0.655	6.32
0.655	6.34
0.675	6.5
0.67	6.5
0.6900000000000001	6.66
0.6900000000000001	6.66
0.705	6.82
0.705	6.82
0.725	6.98
0.725	6.98
0.74	7.140000000000001
0.74	7.140000000000001
0.76	7.3
0.76	7.3
0.775	7.46
0.78	7.46
0.795	7.62
0.795	7.62
0.8200000000000001	7.8
0.8150000000000001	7.8
0.835	7.96
0.835	7.96
0.855	8.14
0.855	8.14
0.87	8.3
0.87	8.3
0.89	8.46
0.91	8.64
0.91	8.64
0.93	8.8
0.93	8.78
0.9450000000000001	8.96
0.9450000000000001	8.94
0.965	9.120000000000001
0.965	9.120000000000001
0.985	9.28
0.985	9.3
1.0050000000000001	9.46
1.0	9.44
1.02	9.6
1.025	9.6
1.04	9.76
1.04	9.78
1.06	9.92
1.06	9.92
1.075	10.08
1.08	10.1
1.095	10.24
1.095	10.24
1.115	10.42
1.115	10.42
1.135	10.58
1.135	10.58
1.155	10.74
1.155	10.74
1.175	10.9
1.17	10.9
1.195	11.06
1.19	11.06
1.215	11.22
1.21	11.22
1.23	11.4
1.23	11.38
1.245	11.540000000000001
1.25	11.540000000000001
1.27	11.700000000000001
1.27	11.72
1.29	11.86
1.29	11.86
1.31	12.02
1.305	12.02
1.325	12.18
1.325	12.18
1.345	12.34
1.345	12.34
1.365	12.48
1.365	12.5
1.385	12.66
1.4000000000000001	12.8
1.4000000000000001	12.8
1.42	12.98
1.425	12.98
1.44	13.120000000000001
1.44	13.120000000000001
1.46	13.280000000000001
1.46	13.280000000000001
1.48	13.44
1.48	13.44
1.5	13.6
1.5	13.6
1.52	13.74
1.52	13.74
1.54	13.9
1.5350000000000001	13.9
1.555	14.06
1.56	14.040000000000001
1.58	14.22
1.575	14.200000000000001
1.6	14.36
1.595	14.36
1.615	14.52
1.62	14.52
1.635	14.68
1.635	14.68
1.6600000000000001	14.82
1.655	14.82
1.675	14.98
1.675	14.98
1.695	15.14
1.695	15.120000000000001
1.715	15.280000000000001
1.715	15.280000000000001
1.735	15.44
1.735	15.44
1.7550000000000001	15.6
1.7550000000000001	15.6
1.7750000000000001	15.74
1.7750000000000001	15.74
1.795	15.9
1.795	15.9
1.815	16.04
1.815	16.04
1.835	16.2
1.835	16.2
1.85	16.36
1.855	16.36
1.87	16.5
1.875	16.5
1.895	16.66
1.9100000000000001	16.8
1.9100000000000001	16.8
1.935	16.96
1.93	16.96
1.95	17.1
1.95	17.1
1.975	17.26
1.975	17.240000000000002
1.99	17.400000000000002
1.99	17.400000000000002
2.015	17.56
2.015	17.54
2.0300000000000002	17.7
2.0300000000000002	17.7
2.055	17.84
2.055	17.86
2.075	18.0
2.07	18.0
2.095	18.14
2.095	18.14
2.115	18.3
2.11	18.28
2.13	18.44
2.1350000000000002	18.44
2.15	18.580000000000002
2.15	18.580000000000002
2.1750000000000003	18.740000000000002
2.17	18.740000000000002
2.19	18.88
2.19	18.88
2.21	19.02
2.21	19.02
2.235	19.16
2.235	19.18
2.25	19.32
2.25	19.32
2.27	19.46
2.27	19.46
2.295	19.62
2.295	19.62
2.31	19.76
2.31	19.76
2.33	19.900000000000002
2.33	19.900000000000002
2.35	20.04
2.35	20.04
2.37	20.2
2.375	20.2
2.395	20.22
2.395	20.22
