0.02	0.02
0.22	0.02
0.42	0.02
0.62	0.02
0.8200000000000001	0.0
1.02	0.02
1.22	0.04
1.42	0.02
1.62	0.02
1.83	0.02
2.02	0.02
2.22	0.02
2.42	0.02
2.62	0.02
2.82	0.02
3.02	0.02
3.22	0.02
3.42	0.02
3.63	0.02
3.83	0.04
4.03	0.06
4.23	0.08
4.42	0.1
4.61	0.28
4.8	0.32
5.0	0.34
5.19	0.42
5.43	0.44
5.63	0.56
5.76	0.7000000000000001
5.95	0.86
6.2	1.08
6.32	1.22
6.51	1.54
6.76	1.78
6.94	2.12
7.1000000000000005	2.6
7.36	3.14
7.53	3.64
7.73	4.28
7.94	5.0200000000000005
8.14	5.86
8.35	6.76
8.55	7.82
8.76	8.98
8.97	10.3
9.18	11.8
9.41	13.56
9.63	15.5
9.84	17.5
10.05	19.42
10.11	20.22
