0.005	0.02
0.005	0.02
0.005	0.04
0.005	0.04
0.005	0.02
0.005	0.02
0.005	0.02
0.01	0.02
0.0	0.02
-0.05	0.02
-0.05	0.02
-0.11	0.02
-0.135	0.02
-0.165	0.02
-0.165	0.02
-0.19	0.02
-0.22	0.02
-0.25	0.02
-0.28	0.02
-0.28500000000000003	0.02
-0.315	0.02
-0.34500000000000003	0.02
-0.375	0.02
-0.405	0.02
-0.405	0.02
-0.44	0.02
-0.47000000000000003	0.04
-0.5	0.02
-0.5	0.02
-0.53	0.0
-0.5650000000000001	0.02
-0.595	0.02
-0.625	0.02
-0.625	0.04
-0.66	0.02
-0.6900000000000001	0.02
-0.725	0.04
-0.755	0.02
-0.755	0.02
-0.79	0.02
-0.8200000000000001	0.02
-0.85	0.02
-0.855	0.02
-0.885	0.02
-0.915	0.02
-0.9450000000000001	0.02
-0.98	0.02
-0.98	0.02
-1.01	0.02
-1.045	0.04
-1.075	0.02
-1.07	0.04
-1.105	0.02
-1.135	0.04
-1.17	0.04
-1.195	0.02
-1.195	0.02
-1.225	0.02
-1.2550000000000001	0.04
-1.285	0.02
-1.32	0.02
-1.32	0.02
-1.35	0.02
-1.3800000000000001	0.02
-1.415	0.02
-1.415	0.02
-1.45	0.02
-1.48	0.02
-1.51	0.04
-1.545	0.04
-1.545	0.02
-1.575	0.02
-1.61	0.02
-1.6400000000000001	0.02
-1.67	0.02
-1.675	0.02
-1.705	0.02
-1.735	0.02
-1.77	0.02
-1.77	0.02
-1.8	0.02
-1.835	0.02
-1.865	0.04
-1.9000000000000001	0.02
-1.9000000000000001	0.02
-1.93	0.02
-1.96	0.04
-1.995	0.02
-2.025	0.02
-2.025	0.02
-2.055	0.02
-2.09	0.02
-2.115	0.04
-2.12	0.02
-2.15	0.04
-2.185	0.04
-2.215	0.04
-2.245	0.02
-2.245	0.02
-2.2800000000000002	0.02
-2.31	0.02
-2.345	0.02
-2.345	0.02
-2.375	0.02
-2.4050000000000002	0.02
-2.44	0.02
-2.47	0.02
-2.47	0.02
-2.505	0.02
-2.535	0.02
-2.565	0.02
-2.595	0.0
-2.6	0.0
-2.625	-0.02
-2.66	-0.02
-2.685	-0.08
-2.685	-0.06
-2.715	-0.1
-2.745	-0.16
-2.775	-0.18
-2.805	-0.24
-2.8000000000000003	-0.24
-2.83	-0.3
-2.86	-0.36
-2.8850000000000002	-0.42
-2.91	-0.5
-2.915	-0.5
-2.935	-0.56
-2.965	-0.62
-2.99	-0.72
-2.99	-0.72
-3.015	-0.8
-3.04	-0.9
-3.06	-0.98
-3.085	-1.1
-3.085	-1.08
-3.11	-1.2
-3.1350000000000002	-1.3
-3.16	-1.42
-3.18	-1.54
-3.18	-1.54
-3.205	-1.6600000000000001
-3.225	-1.78
-3.25	-1.92
-3.245	-1.9000000000000001
-3.275	-2.04
-3.295	-2.18
-3.315	-2.3000000000000003
-3.335	-2.46
-3.335	-2.46
-3.355	-2.6
-3.38	-2.7600000000000002
-3.4	-2.9
-3.4	-2.9
-3.415	-3.04
-3.44	-3.2
-3.46	-3.36
-3.48	-3.54
-3.48	-3.54
-3.5	-3.68
-3.52	-3.86
-3.54	-4.04
-3.56	-4.22
-3.56	-4.22
-3.575	-4.38
-3.595	-4.5600000000000005
-3.61	-4.72
-3.61	-4.74
-3.63	-4.9
-3.65	-5.1000000000000005
-3.67	-5.28
-3.685	-5.46
-3.685	-5.46
-3.705	-5.64
-3.72	-5.84
-3.74	-6.0200000000000005
-3.755	-6.22
-3.755	-6.24
-3.775	-6.42
-3.79	-6.62
-3.805	-6.82
-3.81	-6.82
-3.825	-7.0200000000000005
-3.845	-7.24
-3.855	-7.42
-3.87	-7.62
-3.88	-7.640000000000001
-3.89	-7.84
-3.91	-8.06
-3.9250000000000003	-8.26
-3.94	-8.46
-3.94	-8.48
-3.955	-8.68
-3.97	-8.9
-3.99	-9.1
-3.99	-9.1
-4.005	-9.32
-4.0200000000000005	-9.540000000000001
-4.035	-9.76
-4.05	-9.98
-4.055	-9.98
-4.07	-10.200000000000001
-4.085	-10.42
-4.1	-10.66
-4.1	-10.66
-4.115	-10.88
-4.13	-11.1
-4.1450000000000005	-11.34
-4.16	-11.56
-4.16	-11.56
-4.175	-11.78
-4.19	-12.02
-4.205	-12.26
-4.22	-12.48
-4.22	-12.48
-4.235	-12.700000000000001
-4.25	-12.94
-4.265	-13.18
-4.265	-13.18
-4.275	-13.4
-4.29	-13.66
-4.305	-13.88
-4.32	-14.14
-4.32	-14.14
-4.335	-14.38
-4.3500000000000005	-14.6
-4.365	-14.84
-4.38	-15.08
-4.38	-15.08
-4.39	-15.32
-4.405	-15.58
-4.42	-15.82
-4.42	-15.82
-4.4350000000000005	-16.06
-4.45	-16.3
-4.46	-16.54
-4.4750000000000005	-16.8
-4.4750000000000005	-16.8
-4.49	-17.04
-4.505	-17.3
-4.515	-17.54
-4.53	-17.8
-4.53	-17.8
-4.545	-18.06
-4.555	-18.32
-4.57	-18.56
-4.57	-18.56
-4.58	-18.82
-4.595	-19.04
-4.61	-19.32
-4.62	-19.56
-4.62	-19.56
-4.635	-19.84
-4.65	-20.080000000000002
-4.665	-20.240000000000002
-4.66	-20.240000000000002
