0.01	0.02
0.22	0.02
0.42	0.02
0.62	0.02
0.8200000000000001	0.02
1.01	0.02
1.22	0.04
1.42	0.02
1.6300000000000001	0.02
1.82	0.04
2.02	0.02
2.22	0.02
2.41	0.02
2.63	0.04
2.83	0.02
3.0300000000000002	0.02
3.22	0.02
3.42	0.02
3.63	0.04
3.83	0.04
4.0200000000000005	0.06
4.22	0.08
4.4	0.28
4.59	0.32
4.7700000000000005	0.34
4.95	0.38
5.14	0.42
5.4	0.44
5.62	0.56
5.82	0.66
6.03	0.88
6.23	1.08
6.42	1.3800000000000001
6.51	1.5
6.72	1.82
6.93	2.22
7.140000000000001	2.66
7.3500000000000005	3.18
7.5600000000000005	3.7800000000000002
7.76	4.42
7.96	5.18
8.17	6.0200000000000005
8.38	6.96
8.59	8.06
8.8	9.32
9.02	10.76
9.24	12.36
9.44	14.0
9.64	15.620000000000001
9.84	17.44
10.040000000000001	19.34
10.11	20.22
