0.01	0.02
0.01	0.02
0.005	0.02
0.005	0.02
0.01	0.02
0.005	0.02
0.005	0.02
0.005	0.02
0.005	0.02
0.005	0.02
0.005	0.04
0.01	0.04
0.06	0.56
0.055	0.56
0.095	0.92
0.09	0.92
0.115	1.1400000000000001
0.115	1.1400000000000001
0.13	1.28
0.13	1.3
0.15	1.44
0.145	1.46
0.16	1.6
0.16	1.6
0.18	1.76
0.18	1.76
0.195	1.94
0.195	1.92
0.21	2.08
0.21	2.1
0.23	2.24
0.225	2.2600000000000002
0.245	2.44
0.245	2.44
0.265	2.6
0.265	2.62
0.28	2.8000000000000003
0.28	2.7800000000000002
0.3	2.94
0.3	2.94
0.32	3.14
0.315	3.14
0.335	3.3000000000000003
0.335	3.3000000000000003
0.355	3.48
0.35000000000000003	3.48
0.37	3.64
0.37	3.66
0.39	3.8200000000000003
0.385	3.8200000000000003
0.405	4.0
0.41000000000000003	4.0
0.425	4.16
0.44	4.34
0.44	4.34
0.46	4.5200000000000005
0.46	4.5200000000000005
0.48	4.7
0.48	4.7
0.5	4.86
0.495	4.86
0.515	5.0200000000000005
0.515	5.04
0.535	5.2
0.535	5.22
0.55	5.38
0.55	5.38
0.5700000000000001	5.5600000000000005
0.5700000000000001	5.5600000000000005
0.585	5.72
0.59	5.72
0.61	5.9
0.61	5.9
0.63	6.0600000000000005
0.625	6.0600000000000005
0.65	6.24
0.645	6.24
0.665	6.4
0.665	6.4
0.685	6.58
0.685	6.58
0.7000000000000001	6.74
0.7000000000000001	6.74
0.72	6.9
0.72	6.88
0.735	7.0600000000000005
0.735	7.0600000000000005
0.755	7.22
0.755	7.22
0.77	7.4
0.77	7.38
0.79	7.54
0.79	7.5600000000000005
0.805	7.72
0.81	7.72
0.8300000000000001	7.9
0.8300000000000001	7.88
0.845	8.06
0.845	8.06
0.865	8.24
0.87	8.22
0.885	8.4
0.885	8.4
0.905	8.56
0.925	8.72
0.925	8.72
0.9450000000000001	8.88
0.9450000000000001	8.9
0.96	9.040000000000001
0.96	9.040000000000001
0.98	9.22
0.98	9.22
1.0	9.38
1.0	9.38
1.02	9.540000000000001
1.02	9.540000000000001
1.04	9.700000000000001
1.04	9.700000000000001
1.055	9.86
1.06	9.88
1.075	10.02
1.075	10.040000000000001
1.095	10.200000000000001
1.095	10.200000000000001
1.115	10.36
1.115	10.36
1.135	10.540000000000001
1.1300000000000001	10.52
1.155	10.68
1.1500000000000001	10.68
1.17	10.86
1.17	10.86
1.19	11.0
1.19	11.02
1.21	11.18
1.21	11.18
1.23	11.36
1.23	11.34
1.25	11.5
1.25	11.5
1.27	11.66
1.27	11.66
1.29	11.82
1.29	11.82
1.305	11.98
1.31	11.98
1.33	12.14
1.325	12.14
1.345	12.3
1.345	12.3
1.365	12.46
1.365	12.46
1.385	12.620000000000001
1.385	12.620000000000001
1.405	12.780000000000001
1.425	12.92
1.425	12.92
1.445	13.1
1.445	13.1
1.465	13.26
1.465	13.26
1.485	13.42
1.485	13.4
1.5050000000000001	13.56
1.5050000000000001	13.56
1.52	13.72
1.5250000000000001	13.72
1.54	13.88
1.545	13.88
1.565	14.040000000000001
1.565	14.040000000000001
1.58	14.16
1.58	14.18
1.6	14.34
1.605	14.34
1.62	14.5
1.62	14.5
1.6400000000000001	14.66
1.6400000000000001	14.66
1.6600000000000001	14.8
1.655	14.8
1.68	14.96
1.68	14.96
1.7	15.120000000000001
1.7	15.120000000000001
1.72	15.26
1.72	15.26
1.74	15.42
1.74	15.42
1.76	15.58
1.7650000000000001	15.58
1.7850000000000001	15.74
1.78	15.74
1.8	15.9
1.8	15.88
1.82	16.04
1.82	16.04
1.84	16.2
1.845	16.2
1.86	16.36
1.86	16.36
1.8800000000000001	16.5
1.8800000000000001	16.5
1.9000000000000001	16.64
1.9000000000000001	16.64
1.92	16.8
1.94	16.96
1.94	16.96
1.96	17.12
1.965	17.1
1.985	17.240000000000002
1.985	17.26
2.005	17.42
2.0	17.42
2.025	17.56
2.02	17.54
2.045	17.72
2.035	17.7
2.06	17.84
2.065	17.86
2.085	18.0
2.085	18.0
2.105	18.16
2.105	18.16
2.125	18.3
2.125	18.32
2.145	18.46
2.145	18.46
2.165	18.6
2.165	18.62
2.185	18.76
2.185	18.76
2.205	18.900000000000002
2.205	18.900000000000002
2.225	19.04
2.225	19.04
2.245	19.2
2.245	19.2
2.265	19.34
2.265	19.34
2.285	19.48
2.285	19.5
2.305	19.64
2.305	19.62
2.325	19.78
2.325	19.78
2.35	19.92
2.345	19.92
2.37	20.080000000000002
2.37	20.080000000000002
2.3850000000000002	20.2
2.3850000000000002	20.2
2.41	20.22
2.4050000000000002	20.22
2.43	20.22
2.43	20.22
