0.01	0.02
0.22	0.02
0.42	0.02
0.62	0.02
0.81	0.02
1.02	0.02
1.22	0.02
1.42	0.02
1.62	0.02
1.82	0.02
2.02	0.02
2.22	0.02
2.42	0.02
2.62	0.02
2.82	0.02
3.02	0.02
3.22	0.02
3.42	0.04
3.63	0.04
3.8200000000000003	0.04
4.0200000000000005	0.06
4.22	0.08
4.41	0.26
4.6000000000000005	0.3
4.78	0.34
4.96	0.38
5.14	0.42
5.39	0.44
5.61	0.52
5.83	0.7000000000000001
6.03	0.88
6.23	1.08
6.42	1.36
6.53	1.52
6.73	1.82
6.94	2.22
7.15	2.68
7.3500000000000005	3.16
7.55	3.74
7.7700000000000005	4.4
7.97	5.14
8.17	6.0
8.39	6.98
8.59	8.040000000000001
8.8	9.32
9.02	10.74
9.24	12.36
9.44	13.96
9.64	15.6
9.84	17.42
10.040000000000001	19.3
10.11	20.22
