0.005	0.02
0.005	0.02
0.01	0.02
0.005	0.04
0.005	0.02
0.005	0.02
0.01	0.02
0.01	0.04
0.005	0.02
0.005	0.02
0.01	0.04
0.01	0.04
0.06	0.56
0.06	0.56
0.095	0.92
0.095	0.92
0.115	1.1400000000000001
0.115	1.1400000000000001
0.135	1.3
0.13	1.3
0.145	1.44
0.145	1.44
0.16	1.58
0.16	1.6
0.18	1.76
0.17500000000000002	1.76
0.195	1.92
0.195	1.92
0.215	2.1
0.21	2.08
0.225	2.2600000000000002
0.225	2.2600000000000002
0.25	2.44
0.245	2.42
0.265	2.6
0.265	2.6
0.28	2.8000000000000003
0.28	2.7800000000000002
0.295	2.94
0.295	2.96
0.32	3.12
0.315	3.14
0.335	3.3000000000000003
0.335	3.3000000000000003
0.355	3.48
0.35000000000000003	3.48
0.37	3.64
0.37	3.66
0.39	3.84
0.39	3.8200000000000003
0.405	4.0
0.405	4.0
0.42	4.18
0.44	4.34
0.445	4.34
0.46	4.5200000000000005
0.455	4.5200000000000005
0.48	4.68
0.48	4.68
0.495	4.86
0.495	4.86
0.515	5.0200000000000005
0.515	5.0200000000000005
0.535	5.2
0.535	5.2
0.555	5.38
0.55	5.38
0.5700000000000001	5.54
0.5700000000000001	5.5600000000000005
0.59	5.72
0.59	5.74
0.61	5.9
0.61	5.9
0.63	6.08
0.625	6.08
0.645	6.24
0.645	6.24
0.66	6.4
0.66	6.4
0.68	6.58
0.68	6.58
0.7000000000000001	6.72
0.7000000000000001	6.74
0.715	6.9
0.72	6.9
0.735	7.0600000000000005
0.735	7.0600000000000005
0.75	7.22
0.75	7.22
0.77	7.38
0.775	7.38
0.785	7.54
0.79	7.54
0.81	7.7
0.805	7.72
0.8300000000000001	7.9
0.8250000000000001	7.88
0.85	8.040000000000001
0.845	8.06
0.865	8.24
0.865	8.22
0.885	8.4
0.885	8.38
0.905	8.56
0.925	8.72
0.92	8.72
0.9400000000000001	8.9
0.9400000000000001	8.9
0.96	9.040000000000001
0.96	9.040000000000001
0.98	9.200000000000001
0.98	9.22
1.0	9.38
0.995	9.38
1.02	9.540000000000001
1.02	9.540000000000001
1.035	9.700000000000001
1.03	9.700000000000001
1.055	9.86
1.055	9.86
1.075	10.02
1.075	10.02
1.09	10.200000000000001
1.09	10.18
1.115	10.34
1.11	10.34
1.1300000000000001	10.52
1.1300000000000001	10.52
1.1500000000000001	10.68
1.1500000000000001	10.68
1.17	10.84
1.17	10.86
1.19	11.0
1.19	11.0
1.21	11.18
1.21	11.18
1.225	11.34
1.23	11.32
1.25	11.48
1.25	11.5
1.2650000000000001	11.64
1.2650000000000001	11.64
1.285	11.8
1.285	11.8
1.305	11.98
1.305	11.96
1.325	12.120000000000001
1.325	12.14
1.345	12.3
1.34	12.3
1.365	12.46
1.365	12.46
1.385	12.620000000000001
1.3800000000000001	12.6
1.405	12.76
1.42	12.92
1.42	12.9
1.44	13.08
1.44	13.1
1.46	13.24
1.465	13.24
1.485	13.4
1.48	13.42
1.5	13.56
1.5050000000000001	13.56
1.5250000000000001	13.72
1.52	13.72
1.54	13.88
1.54	13.88
1.56	14.040000000000001
1.56	14.040000000000001
1.58	14.18
1.58	14.18
1.6	14.34
1.6	14.34
1.62	14.5
1.62	14.5
1.6400000000000001	14.64
1.635	14.64
1.6600000000000001	14.8
1.6600000000000001	14.8
1.68	14.96
1.68	14.96
1.7	15.120000000000001
1.7	15.120000000000001
1.72	15.26
1.72	15.26
1.735	15.42
1.74	15.4
1.76	15.58
1.76	15.58
1.78	15.74
1.78	15.72
1.8	15.88
1.8	15.88
1.82	16.04
1.815	16.04
1.84	16.2
1.84	16.18
1.855	16.34
1.86	16.34
1.8800000000000001	16.48
1.8800000000000001	16.5
1.9000000000000001	16.62
1.895	16.64
1.92	16.8
1.94	16.94
1.94	16.96
1.96	17.1
1.96	17.1
1.98	17.240000000000002
1.975	17.240000000000002
2.0	17.400000000000002
2.0	17.400000000000002
2.015	17.54
2.02	17.54
2.04	17.7
2.04	17.7
2.055	17.84
2.06	17.84
2.08	18.0
2.075	18.0
2.1	18.14
2.1	18.14
2.12	18.3
2.12	18.3
2.14	18.44
2.14	18.44
2.16	18.6
2.16	18.6
2.18	18.740000000000002
2.18	18.740000000000002
2.2	18.88
2.2	18.88
2.215	19.02
2.22	19.02
2.24	19.18
2.24	19.18
2.2600000000000002	19.32
2.2600000000000002	19.32
2.285	19.48
2.2800000000000002	19.48
2.3000000000000003	19.62
2.3000000000000003	19.6
2.325	19.76
2.325	19.76
2.34	19.92
2.34	19.92
2.36	20.06
2.365	20.06
2.38	20.2
2.38	20.18
2.4	20.22
2.4	20.22
2.4250000000000003	20.22
2.4250000000000003	20.22
