0.01	0.02
0.21	0.02
0.42	0.02
0.62	0.02
0.8200000000000001	0.02
1.02	0.02
1.22	0.04
1.42	0.02
1.62	0.02
1.82	0.02
2.02	0.04
2.24	0.02
2.42	0.02
2.63	0.02
2.82	0.04
3.02	0.04
3.22	0.04
3.43	0.02
3.62	0.04
3.83	0.04
4.0200000000000005	0.06
4.23	0.08
4.4	0.3
4.58	0.32
4.7700000000000005	0.34
4.95	0.38
5.15	0.42
5.37	0.46
5.62	0.54
5.82	0.66
6.03	0.84
6.23	1.1
6.42	1.36
6.5200000000000005	1.5
6.72	1.84
6.94	2.22
7.140000000000001	2.66
7.34	3.18
7.5600000000000005	3.7600000000000002
7.76	4.44
7.97	5.16
8.17	6.0
8.38	7.0200000000000005
8.59	8.06
8.8	9.32
9.02	10.78
9.24	12.36
9.44	14.0
9.64	15.64
9.84	17.42
10.05	19.34
10.11	20.22
