0.005	0.04
0.005	0.02
0.005	0.04
0.005	0.04
0.005	0.04
0.005	0.04
0.005	0.02
0.0	0.02
0.0	0.02
0.0	0.02
-0.05	0.02
-0.11	0.02
-0.11	0.04
-0.135	0.02
-0.16	0.02
-0.19	0.04
-0.19	0.02
-0.22	0.04
-0.25	0.02
-0.28	0.04
-0.28	0.02
-0.315	0.02
-0.34500000000000003	0.02
-0.375	0.02
-0.375	0.04
-0.405	0.02
-0.44	0.04
-0.47000000000000003	0.02
-0.47000000000000003	0.02
-0.5	0.02
-0.535	0.04
-0.5650000000000001	0.02
-0.5650000000000001	0.04
-0.595	0.04
-0.63	0.02
-0.66	0.02
-0.66	0.04
-0.6900000000000001	0.02
-0.725	0.02
-0.755	0.04
-0.755	0.02
-0.79	0.02
-0.8200000000000001	0.02
-0.85	0.02
-0.85	0.02
-0.885	0.02
-0.915	0.04
-0.9500000000000001	0.02
-0.9450000000000001	0.02
-0.98	0.02
-1.01	0.02
-1.01	0.02
-1.045	0.02
-1.075	0.02
-1.105	0.02
-1.105	0.04
-1.135	0.04
-1.165	0.02
-1.195	0.02
-1.195	0.02
-1.22	0.02
-1.2550000000000001	0.02
-1.29	0.02
-1.29	0.02
-1.32	0.04
-1.35	0.04
-1.385	0.02
-1.385	0.02
-1.415	0.02
-1.45	0.02
-1.48	0.02
-1.48	0.02
-1.51	0.02
-1.54	0.02
-1.575	0.02
-1.575	0.02
-1.605	0.0
-1.6400000000000001	0.0
-1.67	0.0
-1.67	0.0
-1.7	0.0
-1.735	-0.02
-1.7650000000000001	-0.02
-1.7650000000000001	-0.02
-1.795	-0.04
-1.825	-0.04
-1.855	-0.08
-1.855	-0.06
-1.885	-0.08
-1.915	-0.1
-1.945	-0.12
-1.95	-0.12
-1.975	-0.16
-2.0100000000000002	-0.18
-2.035	-0.22
-2.04	-0.22
-2.065	-0.26
-2.095	-0.3
-2.12	-0.34
-2.12	-0.34
-2.15	-0.38
-2.1750000000000003	-0.44
-2.1750000000000003	-0.44
-2.205	-0.52
-2.23	-0.58
-2.255	-0.64
-2.255	-0.64
-2.285	-0.72
-2.31	-0.8
-2.335	-0.88
-2.335	-0.9
-2.355	-0.98
-2.38	-1.08
-2.4050000000000002	-1.18
-2.4050000000000002	-1.18
-2.43	-1.28
-2.45	-1.4000000000000001
-2.475	-1.52
-2.475	-1.52
-2.5	-1.6400000000000001
-2.52	-1.76
-2.54	-1.92
-2.54	-1.92
-2.56	-2.06
-2.585	-2.18
-2.605	-2.34
-2.605	-2.34
-2.625	-2.48
-2.645	-2.66
-2.665	-2.8000000000000003
-2.665	-2.8000000000000003
-2.685	-2.94
-2.71	-3.08
-2.73	-3.22
-2.73	-3.22
-2.75	-3.36
-2.775	-3.48
-2.795	-3.62
-2.795	-3.62
-2.815	-3.7600000000000002
-2.835	-3.9
-2.86	-4.0200000000000005
-2.86	-4.04
-2.88	-4.16
-2.9050000000000002	-4.3
-2.9250000000000003	-4.44
-2.9250000000000003	-4.44
-2.945	-4.58
-2.965	-4.72
-2.99	-4.88
-2.99	-4.86
-3.0100000000000002	-5.0200000000000005
-3.0300000000000002	-5.16
-3.0300000000000002	-5.14
-3.055	-5.3
-3.075	-5.44
-3.095	-5.6000000000000005
-3.1	-5.6000000000000005
-3.115	-5.74
-3.1350000000000002	-5.9
-3.1550000000000002	-6.04
-3.1550000000000002	-6.0600000000000005
-3.1750000000000003	-6.22
-3.1950000000000003	-6.38
-3.215	-6.54
-3.215	-6.54
-3.24	-6.7
-3.255	-6.86
-3.275	-7.0200000000000005
-3.275	-7.0
-3.295	-7.22
-3.315	-7.38
-3.335	-7.54
-3.335	-7.54
-3.35	-7.72
-3.37	-7.9
-3.39	-8.08
-3.39	-8.08
-3.41	-8.24
-3.4250000000000003	-8.44
-3.4450000000000003	-8.620000000000001
-3.4450000000000003	-8.620000000000001
-3.46	-8.8
-3.48	-8.98
-3.5	-9.18
-3.495	-9.18
-3.515	-9.36
-3.535	-9.56
-3.5500000000000003	-9.74
-3.5500000000000003	-9.74
-3.5700000000000003	-9.94
-3.585	-10.14
-3.605	-10.34
-3.605	-10.34
-3.615	-10.540000000000001
-3.6350000000000002	-10.74
-3.65	-10.94
-3.65	-10.94
-3.67	-11.14
-3.685	-11.34
-3.705	-11.56
-3.705	-11.56
-3.72	-11.76
-3.735	-11.98
-3.735	-11.98
-3.75	-12.18
-3.77	-12.4
-3.785	-12.620000000000001
-3.7800000000000002	-12.620000000000001
-3.8000000000000003	-12.84
-3.815	-13.040000000000001
-3.83	-13.26
-3.83	-13.26
-3.845	-13.48
-3.865	-13.72
-3.875	-13.92
-3.88	-13.92
-3.895	-14.14
-3.91	-14.36
-3.9250000000000003	-14.58
-3.9250000000000003	-14.58
-3.94	-14.8
-3.955	-15.040000000000001
-3.97	-15.26
-3.97	-15.26
-3.985	-15.48
-4.005	-15.700000000000001
-4.015	-15.94
-4.01	-15.94
-4.03	-16.18
-4.045	-16.4
-4.055	-16.64
-4.0600000000000005	-16.64
-4.07	-16.86
-4.085	-17.1
-4.1	-17.34
-4.1	-17.36
-4.115	-17.580000000000002
-4.13	-17.8
-4.1450000000000005	-18.04
-4.1450000000000005	-18.04
-4.16	-18.28
-4.17	-18.52
-4.1850000000000005	-18.78
-4.1850000000000005	-18.76
-4.2	-19.0
-4.21	-19.26
-4.225	-19.48
-4.23	-19.5
-4.24	-19.740000000000002
-4.26	-19.98
-4.2700000000000005	-20.22
-4.2700000000000005	-20.240000000000002
-4.285	-20.240000000000002
-4.295	-20.240000000000002
-4.295	-20.240000000000002
