0.005	0.04
0.01	0.02
0.005	0.02
0.005	0.02
0.005	0.04
0.005	0.02
0.01	0.04
0.005	0.02
0.005	0.02
0.01	0.02
0.01	0.04
0.01	0.04
0.055	0.56
0.055	0.54
0.095	0.9400000000000001
0.095	0.92
0.115	1.1400000000000001
0.115	1.1400000000000001
0.13	1.3
0.135	1.3
0.15	1.44
0.145	1.46
0.16	1.6
0.16	1.6
0.18	1.76
0.18	1.78
0.195	1.92
0.195	1.92
0.21	2.08
0.21	2.1
0.23	2.2600000000000002
0.225	2.2600000000000002
0.245	2.44
0.245	2.44
0.265	2.6
0.265	2.6
0.28	2.7800000000000002
0.28	2.8000000000000003
0.3	2.96
0.295	2.94
0.315	3.14
0.315	3.12
0.335	3.3000000000000003
0.335	3.3000000000000003
0.355	3.48
0.355	3.48
0.37	3.64
0.37	3.64
0.39	3.8200000000000003
0.39	3.8200000000000003
0.405	4.0
0.405	4.0
0.425	4.18
0.44	4.34
0.44	4.34
0.46	4.5200000000000005
0.46	4.5200000000000005
0.48	4.68
0.48	4.68
0.5	4.86
0.5	4.86
0.515	5.04
0.515	5.0200000000000005
0.535	5.2
0.535	5.22
0.55	5.38
0.555	5.38
0.5700000000000001	5.5600000000000005
0.5700000000000001	5.5600000000000005
0.59	5.72
0.59	5.72
0.61	5.9
0.61	5.9
0.63	6.08
0.63	6.08
0.645	6.24
0.645	6.24
0.66	6.4
0.665	6.4
0.685	6.58
0.685	6.58
0.7000000000000001	6.74
0.7000000000000001	6.74
0.715	6.9
0.72	6.9
0.735	7.0600000000000005
0.735	7.0600000000000005
0.755	7.22
0.755	7.22
0.77	7.38
0.775	7.38
0.79	7.54
0.79	7.54
0.81	7.72
0.805	7.72
0.8300000000000001	7.9
0.8250000000000001	7.9
0.845	8.06
0.845	8.06
0.87	8.22
0.865	8.22
0.885	8.4
0.885	8.4
0.905	8.56
0.92	8.72
0.92	8.72
0.9450000000000001	8.88
0.9400000000000001	8.88
0.96	9.040000000000001
0.96	9.040000000000001
0.98	9.22
0.98	9.22
1.0	9.38
1.0	9.38
1.025	9.540000000000001
1.02	9.540000000000001
1.035	9.700000000000001
1.035	9.700000000000001
1.06	9.88
1.055	9.88
1.075	10.040000000000001
1.075	10.040000000000001
1.095	10.200000000000001
1.095	10.200000000000001
1.115	10.36
1.11	10.36
1.135	10.52
1.1300000000000001	10.52
1.1500000000000001	10.68
1.1500000000000001	10.68
1.175	10.84
1.175	10.84
1.19	11.0
1.19	11.02
1.21	11.18
1.215	11.18
1.23	11.34
1.23	11.34
1.25	11.5
1.25	11.5
1.27	11.66
1.2650000000000001	11.66
1.29	11.82
1.29	11.82
1.31	11.98
1.305	11.98
1.33	12.14
1.33	12.14
1.345	12.3
1.35	12.3
1.365	12.46
1.37	12.46
1.385	12.620000000000001
1.385	12.620000000000001
1.405	12.780000000000001
1.425	12.92
1.425	12.92
1.445	13.1
1.445	13.08
1.465	13.26
1.465	13.24
1.485	13.4
1.485	13.4
1.5050000000000001	13.56
1.5050000000000001	13.540000000000001
1.5250000000000001	13.72
1.5250000000000001	13.72
1.545	13.88
1.545	13.88
1.565	14.040000000000001
1.565	14.040000000000001
1.58	14.18
1.58	14.18
1.605	14.36
1.605	14.34
1.625	14.5
1.62	14.5
1.6400000000000001	14.64
1.6400000000000001	14.64
1.6600000000000001	14.8
1.6600000000000001	14.8
1.685	14.96
1.68	14.98
1.7	15.120000000000001
1.7	15.120000000000001
1.72	15.280000000000001
1.72	15.280000000000001
1.74	15.42
1.74	15.42
1.7650000000000001	15.58
1.76	15.58
1.78	15.74
1.7850000000000001	15.74
1.805	15.88
1.8	15.88
1.825	16.04
1.825	16.06
1.84	16.2
1.845	16.2
1.865	16.36
1.86	16.32
1.885	16.5
1.8800000000000001	16.5
1.9000000000000001	16.66
1.905	16.66
1.92	16.8
1.95	16.96
1.94	16.96
1.965	17.1
1.965	17.1
1.985	17.26
1.98	17.26
2.0	17.400000000000002
2.005	17.400000000000002
2.025	17.56
2.025	17.56
2.045	17.7
2.045	17.72
2.06	17.86
2.065	17.86
2.085	18.02
2.085	18.02
2.105	18.16
2.105	18.16
2.125	18.3
2.125	18.32
2.145	18.46
2.145	18.44
2.165	18.6
2.165	18.6
2.185	18.740000000000002
2.185	18.740000000000002
2.205	18.900000000000002
2.205	18.900000000000002
2.225	19.04
2.225	19.04
2.25	19.2
2.245	19.2
2.265	19.34
2.27	19.34
2.29	19.5
2.29	19.5
2.31	19.64
2.31	19.62
2.325	19.78
2.33	19.78
2.345	19.92
2.345	19.92
2.37	20.080000000000002
2.37	20.080000000000002
2.3850000000000002	20.22
2.3850000000000002	20.22
2.41	20.22
2.41	20.22
2.43	20.22
2.4250000000000003	20.22
