0.005	0.02
0.005	0.02
0.005	0.02
0.005	0.02
0.005	0.02
0.005	0.02
0.0	0.02
0.005	0.02
0.005	0.04
0.0	0.02
-0.05	0.02
-0.11	0.04
-0.11	0.02
-0.135	0.02
-0.16	0.04
-0.19	0.02
-0.19	0.02
-0.22	0.04
-0.25	0.02
-0.28	0.04
-0.28	0.02
-0.315	0.02
-0.34500000000000003	0.04
-0.375	0.02
-0.375	0.02
-0.405	0.04
-0.435	0.02
-0.47000000000000003	0.02
-0.47000000000000003	0.02
-0.5	0.02
-0.53	0.02
-0.5650000000000001	0.02
-0.5650000000000001	0.02
-0.595	0.04
-0.625	0.02
-0.66	0.02
-0.66	0.02
-0.6900000000000001	0.04
-0.725	0.04
-0.755	0.02
-0.755	0.02
-0.79	0.02
-0.8200000000000001	0.02
-0.85	0.02
-0.85	0.02
-0.885	0.02
-0.915	0.02
-0.9450000000000001	0.02
-0.9500000000000001	0.02
-0.98	0.02
-1.01	0.04
-1.01	0.02
-1.045	0.02
-1.075	0.02
-1.105	0.02
-1.105	0.04
-1.135	0.02
-1.17	0.04
-1.195	0.02
-1.195	0.02
-1.225	0.02
-1.2550000000000001	0.04
-1.29	0.02
-1.29	0.02
-1.32	0.02
-1.35	0.02
-1.385	0.02
-1.385	0.02
-1.415	0.02
-1.45	0.02
-1.48	0.02
-1.48	0.02
-1.51	0.02
-1.545	0.02
-1.575	0.02
-1.575	0.0
-1.605	0.02
-1.635	0.0
-1.67	0.0
-1.67	0.0
-1.7	0.0
-1.73	-0.02
-1.7650000000000001	-0.02
-1.76	-0.02
-1.795	-0.02
-1.825	-0.04
-1.855	-0.06
-1.855	-0.08
-1.8900000000000001	-0.08
-1.92	-0.1
-1.95	-0.12
-1.95	-0.12
-1.98	-0.14
-2.005	-0.18
-2.035	-0.22
-2.035	-0.22
-2.065	-0.24
-2.09	-0.3
-2.12	-0.34
-2.12	-0.34
-2.145	-0.4
-2.1750000000000003	-0.44
-2.1750000000000003	-0.44
-2.2	-0.5
-2.23	-0.56
-2.2600000000000002	-0.64
-2.255	-0.64
-2.285	-0.72
-2.31	-0.8
-2.335	-0.88
-2.33	-0.88
-2.36	-0.98
-2.38	-1.08
-2.4050000000000002	-1.18
-2.4050000000000002	-1.18
-2.43	-1.28
-2.455	-1.4000000000000001
-2.475	-1.52
-2.475	-1.52
-2.495	-1.6400000000000001
-2.52	-1.78
-2.54	-1.9000000000000001
-2.54	-1.92
-2.56	-2.06
-2.585	-2.2
-2.605	-2.34
-2.605	-2.34
-2.625	-2.5
-2.645	-2.64
-2.665	-2.7800000000000002
-2.67	-2.8000000000000003
-2.69	-2.94
-2.71	-3.08
-2.73	-3.22
-2.725	-3.24
-2.755	-3.36
-2.775	-3.5
-2.795	-3.64
-2.795	-3.64
-2.82	-3.7600000000000002
-2.835	-3.9
-2.86	-4.0200000000000005
-2.86	-4.04
-2.8850000000000002	-4.18
-2.9050000000000002	-4.3
-2.9250000000000003	-4.46
-2.9250000000000003	-4.44
-2.95	-4.58
-2.97	-4.72
-2.99	-4.88
-2.995	-4.88
-3.015	-5.0200000000000005
-3.035	-5.14
-3.035	-5.16
-3.055	-5.32
-3.075	-5.46
-3.095	-5.6000000000000005
-3.095	-5.6000000000000005
-3.12	-5.76
-3.14	-5.92
-3.16	-6.08
-3.16	-6.0600000000000005
-3.18	-6.22
-3.2	-6.38
-3.22	-6.54
-3.22	-6.54
-3.24	-6.72
-3.2600000000000002	-6.88
-3.275	-7.0600000000000005
-3.2800000000000002	-7.04
-3.3000000000000003	-7.22
-3.3200000000000003	-7.4
-3.335	-7.5600000000000005
-3.335	-7.5600000000000005
-3.355	-7.74
-3.375	-7.92
-3.395	-8.1
-3.39	-8.120000000000001
-3.41	-8.28
-3.43	-8.46
-3.4450000000000003	-8.66
-3.4450000000000003	-8.66
-3.465	-8.84
-3.48	-9.02
-3.5	-9.200000000000001
-3.5	-9.22
-3.52	-9.4
-3.535	-9.6
-3.555	-9.78
-3.555	-9.8
-3.575	-9.98
-3.59	-10.16
-3.605	-10.4
-3.605	-10.38
-3.625	-10.58
-3.64	-10.78
-3.66	-10.98
-3.6550000000000002	-10.98
-3.6750000000000003	-11.200000000000001
-3.69	-11.38
-3.705	-11.58
-3.705	-11.6
-3.725	-11.8
-3.74	-12.0
-3.74	-12.02
-3.755	-12.22
-3.77	-12.44
-3.79	-12.66
-3.79	-12.66
-3.805	-12.88
-3.8200000000000003	-13.1
-3.835	-13.3
-3.84	-13.32
-3.855	-13.540000000000001
-3.865	-13.76
-3.8850000000000002	-13.98
-3.8850000000000002	-13.98
-3.9	-14.200000000000001
-3.915	-14.42
-3.93	-14.64
-3.93	-14.64
-3.9450000000000003	-14.86
-3.96	-15.1
-3.975	-15.34
-3.975	-15.32
-3.99	-15.56
-4.005	-15.76
-4.0200000000000005	-16.0
-4.0200000000000005	-16.0
-4.03	-16.240000000000002
-4.05	-16.48
-4.065	-16.7
-4.065	-16.7
-4.075	-16.94
-4.095	-17.18
-4.105	-17.44
-4.105	-17.42
-4.12	-17.66
-4.135	-17.900000000000002
-4.15	-18.12
-4.15	-18.14
-4.165	-18.38
-4.175	-18.62
-4.19	-18.86
-4.19	-18.86
-4.205	-19.1
-4.22	-19.34
-4.235	-19.580000000000002
-4.235	-19.580000000000002
-4.25	-19.82
-4.26	-20.080000000000002
-4.275	-20.240000000000002
-4.275	-20.240000000000002
-4.29	-20.240000000000002
-4.3	-20.240000000000002
-4.3	-20.240000000000002
