0.005	0.02
0.005	0.04
0.005	0.02
0.005	0.02
0.005	0.02
0.0	0.04
0.005	0.02
0.0	0.02
0.0	0.04
0.005	0.04
-0.05	0.04
-0.11	0.04
-0.11	0.04
-0.135	0.04
-0.16	0.02
-0.19	0.02
-0.19	0.02
-0.22	0.02
-0.25	0.02
-0.28	0.02
-0.28500000000000003	0.02
-0.31	0.02
-0.34500000000000003	0.02
-0.375	0.02
-0.375	0.02
-0.405	0.02
-0.44	0.02
-0.47000000000000003	0.04
-0.47000000000000003	0.02
-0.5	0.02
-0.535	0.02
-0.5650000000000001	0.02
-0.5650000000000001	0.02
-0.595	0.02
-0.625	0.02
-0.66	0.02
-0.66	0.04
-0.6900000000000001	0.02
-0.725	0.02
-0.755	0.02
-0.755	0.04
-0.79	0.02
-0.8200000000000001	0.02
-0.85	0.02
-0.85	0.02
-0.885	0.04
-0.915	0.02
-0.9450000000000001	0.02
-0.9450000000000001	0.02
-0.98	0.02
-1.01	0.04
-1.0150000000000001	0.02
-1.045	0.02
-1.075	0.04
-1.105	0.02
-1.105	0.02
-1.1400000000000001	0.02
-1.17	0.02
-1.19	0.02
-1.195	0.02
-1.22	0.02
-1.2550000000000001	0.02
-1.29	0.02
-1.29	0.02
-1.325	0.02
-1.35	0.02
-1.385	0.02
-1.385	0.02
-1.415	0.04
-1.45	0.02
-1.48	0.02
-1.48	0.02
-1.51	0.02
-1.545	0.02
-1.575	0.02
-1.575	0.02
-1.605	0.0
-1.635	0.02
-1.67	0.0
-1.67	0.0
-1.7	0.0
-1.73	-0.02
-1.7650000000000001	-0.02
-1.7650000000000001	-0.02
-1.795	-0.04
-1.825	-0.06
-1.86	-0.06
-1.855	-0.06
-1.885	-0.08
-1.915	-0.1
-1.945	-0.12
-1.945	-0.12
-1.98	-0.16
-2.005	-0.18
-2.035	-0.22
-2.035	-0.2
-2.065	-0.26
-2.09	-0.3
-2.12	-0.34
-2.12	-0.34
-2.15	-0.38
-2.1750000000000003	-0.44
-2.1750000000000003	-0.46
-2.2	-0.52
-2.23	-0.58
-2.255	-0.64
-2.255	-0.64
-2.2800000000000002	-0.72
-2.31	-0.8
-2.33	-0.88
-2.335	-0.88
-2.355	-0.98
-2.3850000000000002	-1.08
-2.4050000000000002	-1.18
-2.4050000000000002	-1.18
-2.435	-1.28
-2.455	-1.4000000000000001
-2.475	-1.52
-2.475	-1.52
-2.5	-1.6400000000000001
-2.52	-1.78
-2.54	-1.9000000000000001
-2.54	-1.92
-2.565	-2.06
-2.58	-2.2
-2.605	-2.34
-2.61	-2.34
-2.625	-2.48
-2.645	-2.66
-2.665	-2.8000000000000003
-2.665	-2.8000000000000003
-2.69	-2.94
-2.71	-3.08
-2.73	-3.22
-2.73	-3.24
-2.75	-3.36
-2.775	-3.5
-2.795	-3.64
-2.795	-3.64
-2.815	-3.7800000000000002
-2.84	-3.88
-2.86	-4.04
-2.86	-4.04
-2.8850000000000002	-4.18
-2.9	-4.32
-2.9250000000000003	-4.46
-2.9250000000000003	-4.44
-2.945	-4.6000000000000005
-2.97	-4.74
-2.995	-4.88
-2.995	-4.88
-3.0100000000000002	-5.0200000000000005
-3.035	-5.18
-3.035	-5.16
-3.055	-5.32
-3.075	-5.46
-3.095	-5.6000000000000005
-3.1	-5.6000000000000005
-3.12	-5.76
-3.14	-5.92
-3.16	-6.08
-3.16	-6.0600000000000005
-3.1750000000000003	-6.22
-3.2	-6.38
-3.215	-6.54
-3.215	-6.54
-3.24	-6.72
-3.2600000000000002	-6.88
-3.275	-7.04
-3.275	-7.04
-3.295	-7.22
-3.3200000000000003	-7.4
-3.335	-7.5600000000000005
-3.335	-7.5600000000000005
-3.355	-7.74
-3.37	-7.9
-3.39	-8.1
-3.39	-8.1
-3.41	-8.28
-3.43	-8.46
-3.45	-8.64
-3.4450000000000003	-8.64
-3.465	-8.82
-3.48	-9.0
-3.5	-9.200000000000001
-3.5	-9.200000000000001
-3.52	-9.38
-3.535	-9.58
-3.555	-9.78
-3.555	-9.78
-3.5700000000000003	-9.98
-3.585	-10.16
-3.605	-10.38
-3.605	-10.38
-3.62	-10.56
-3.64	-10.76
-3.6550000000000002	-10.98
-3.6550000000000002	-10.96
-3.67	-11.16
-3.69	-11.38
-3.705	-11.58
-3.71	-11.6
-3.72	-11.8
-3.74	-12.0
-3.74	-12.02
-3.755	-12.22
-3.77	-12.42
-3.785	-12.64
-3.785	-12.64
-3.805	-12.86
-3.815	-13.08
-3.835	-13.3
-3.835	-13.3
-3.85	-13.52
-3.87	-13.74
-3.88	-13.96
-3.8850000000000002	-13.96
-3.895	-14.18
-3.91	-14.4
-3.9250000000000003	-14.64
-3.93	-14.64
-3.94	-14.86
-3.96	-15.08
-3.97	-15.32
-3.975	-15.3
-3.985	-15.540000000000001
-4.0	-15.76
-4.015	-15.98
-4.015	-15.98
-4.03	-16.22
-4.045	-16.46
-4.0600000000000005	-16.68
-4.0600000000000005	-16.7
-4.075	-16.92
-4.09	-17.18
-4.105	-17.42
-4.105	-17.400000000000002
-4.12	-17.64
-4.13	-17.88
-4.15	-18.12
-4.1450000000000005	-18.12
-4.165	-18.36
-4.18	-18.580000000000002
-4.19	-18.84
-4.19	-18.84
-4.205	-19.080000000000002
-4.22	-19.32
-4.23	-19.56
-4.23	-19.54
-4.245	-19.78
-4.26	-20.04
-4.275	-20.240000000000002
-4.275	-20.240000000000002
-4.285	-20.240000000000002
-4.3	-20.240000000000002
-4.3	-20.240000000000002
