0.02	0.02
0.21	0.02
0.41000000000000003	0.02
0.62	0.02
0.8200000000000001	0.02
1.02	0.02
1.22	0.02
1.42	0.02
1.62	0.02
1.82	0.02
2.02	0.02
2.22	0.02
2.42	0.02
2.62	0.02
2.83	0.02
3.02	0.02
3.22	0.02
3.42	0.02
3.63	0.04
3.83	0.04
4.0200000000000005	0.04
4.23	0.08
4.43	0.08
4.6000000000000005	0.28
4.79	0.32
4.96	0.36
5.15	0.42
5.34	0.46
5.63	0.52
5.78	0.66
6.01	0.8
6.2	1.0
6.3100000000000005	1.1
6.61	1.5
6.72	1.72
6.92	2.1
7.13	2.52
7.3	2.88
7.6000000000000005	3.64
7.71	3.98
7.91	4.66
8.13	5.46
8.34	6.36
8.540000000000001	7.38
8.75	8.540000000000001
8.97	9.84
9.19	11.34
9.42	13.08
9.64	14.92
9.84	16.78
10.040000000000001	18.66
10.11	20.22
