0.01	0.02
0.22	0.02
0.41000000000000003	0.02
0.62	0.04
0.8200000000000001	0.02
1.02	0.04
1.22	0.02
1.42	0.02
1.62	0.02
1.82	0.02
2.02	0.02
2.23	0.02
2.43	0.02
2.62	0.04
2.82	0.02
3.0300000000000002	0.04
3.22	0.02
3.42	0.02
3.63	0.04
3.83	0.04
4.03	0.06
4.23	0.06
4.43	0.1
4.61	0.28
4.79	0.32
4.97	0.36
5.15	0.4
5.36	0.44
5.63	0.52
5.79	0.64
6.01	0.8
6.18	1.0
6.32	1.1400000000000001
6.62	1.48
6.71	1.68
6.99	2.16
7.13	2.36
7.32	2.8000000000000003
7.58	3.6
7.7	3.94
7.92	4.64
8.13	5.44
8.33	6.34
8.55	7.34
8.75	8.48
8.97	9.82
9.19	11.28
9.42	13.040000000000001
9.64	14.88
9.85	16.740000000000002
10.05	18.6
10.11	20.22
