0.01	0.02
0.005	0.02
0.005	0.02
0.01	0.02
0.005	0.02
0.01	0.02
0.005	0.02
0.005	0.02
0.005	0.02
0.01	0.02
0.01	0.02
0.005	0.04
0.05	0.46
0.05	0.48
0.09	0.9
0.09	0.88
0.115	1.12
0.115	1.12
0.13	1.28
0.125	1.28
0.14	1.44
0.14	1.44
0.155	1.58
0.155	1.58
0.17500000000000002	1.74
0.17	1.74
0.19	1.92
0.19	1.92
0.20500000000000002	2.06
0.20500000000000002	2.08
0.22	2.24
0.22	2.24
0.24	2.42
0.24	2.42
0.255	2.58
0.255	2.58
0.275	2.7600000000000002
0.275	2.7600000000000002
0.29	2.92
0.29	2.94
0.31	3.1
0.305	3.12
0.325	3.2800000000000002
0.325	3.2800000000000002
0.34	3.46
0.34500000000000003	3.46
0.36	3.62
0.36	3.62
0.375	3.8000000000000003
0.38	3.8000000000000003
0.395	3.94
0.395	3.96
0.41500000000000004	4.14
0.43	4.32
0.43	4.3
0.45	4.5
0.45	4.48
0.47000000000000003	4.64
0.465	4.66
0.48	4.84
0.485	4.84
0.5	4.98
0.5	5.0
0.52	5.18
0.52	5.18
0.535	5.36
0.535	5.34
0.555	5.5200000000000005
0.555	5.5200000000000005
0.5750000000000001	5.7
0.5700000000000001	5.7
0.59	5.88
0.59	5.86
0.61	6.04
0.61	6.04
0.63	6.22
0.63	6.22
0.64	6.36
0.645	6.36
0.665	6.54
0.665	6.54
0.68	6.7
0.68	6.7
0.6950000000000001	6.86
0.7000000000000001	6.86
0.715	7.0200000000000005
0.715	7.0200000000000005
0.73	7.18
0.735	7.18
0.75	7.34
0.75	7.34
0.77	7.5200000000000005
0.77	7.5200000000000005
0.785	7.68
0.785	7.68
0.805	7.86
0.81	7.86
0.8250000000000001	8.02
0.8250000000000001	8.02
0.845	8.18
0.84	8.18
0.865	8.36
0.865	8.36
0.88	8.52
0.9	8.700000000000001
0.9	8.700000000000001
0.915	8.86
0.915	8.86
0.935	9.0
0.935	9.0
0.9500000000000001	9.18
0.9550000000000001	9.18
0.97	9.34
0.97	9.34
0.99	9.52
0.99	9.5
1.01	9.68
1.01	9.68
1.025	9.84
1.025	9.84
1.045	10.0
1.045	10.0
1.065	10.16
1.065	10.16
1.08	10.32
1.08	10.32
1.105	10.48
1.105	10.5
1.12	10.66
1.12	10.66
1.1400000000000001	10.82
1.1400000000000001	10.82
1.16	10.98
1.16	10.98
1.18	11.16
1.18	11.14
1.195	11.32
1.2	11.3
1.215	11.46
1.215	11.46
1.235	11.620000000000001
1.23	11.620000000000001
1.2550000000000001	11.78
1.2550000000000001	11.8
1.27	11.96
1.27	11.96
1.295	12.120000000000001
1.29	12.120000000000001
1.31	12.26
1.31	12.26
1.33	12.42
1.33	12.44
1.35	12.58
1.35	12.6
1.37	12.76
1.385	12.9
1.385	12.9
1.405	13.06
1.405	13.06
1.425	13.22
1.425	13.22
1.445	13.38
1.445	13.38
1.465	13.540000000000001
1.46	13.540000000000001
1.485	13.700000000000001
1.485	13.700000000000001
1.5050000000000001	13.86
1.5	13.86
1.5250000000000001	14.02
1.52	14.02
1.54	14.18
1.54	14.16
1.555	14.34
1.555	14.34
1.58	14.48
1.58	14.48
1.6	14.64
1.595	14.64
1.615	14.780000000000001
1.615	14.8
1.635	14.96
1.635	14.96
1.6500000000000001	15.120000000000001
1.655	15.1
1.675	15.26
1.675	15.26
1.695	15.42
1.695	15.42
1.715	15.58
1.71	15.58
1.735	15.74
1.735	15.72
1.75	15.88
1.75	15.9
1.77	16.04
1.7750000000000001	16.04
1.79	16.2
1.79	16.18
1.81	16.34
1.81	16.34
1.83	16.5
1.83	16.5
1.85	16.64
1.845	16.64
1.87	16.8
1.885	16.94
1.8900000000000001	16.96
1.9100000000000001	17.12
1.9100000000000001	17.12
1.93	17.26
1.925	17.26
1.95	17.42
1.95	17.42
1.965	17.56
1.965	17.56
1.985	17.72
1.985	17.72
2.005	17.86
2.005	17.86
2.025	18.02
2.025	18.0
2.045	18.16
2.045	18.16
2.065	18.32
2.065	18.32
2.085	18.46
2.085	18.46
2.105	18.62
2.105	18.62
2.125	18.78
2.125	18.76
2.14	18.92
2.145	18.92
2.16	19.06
2.16	19.06
2.185	19.22
2.18	19.22
2.2	19.36
2.2	19.36
2.22	19.5
2.22	19.52
2.24	19.66
2.24	19.66
2.265	19.82
2.265	19.82
2.2800000000000002	19.96
2.2800000000000002	19.96
2.3000000000000003	20.12
2.3000000000000003	20.12
2.32	20.22
2.32	20.22
2.34	20.22
2.34	20.22
2.36	20.22
2.36	20.22
