0.01	0.02
0.21	0.02
0.42	0.04
0.61	0.02
0.8200000000000001	0.04
1.02	0.02
1.22	0.02
1.42	0.02
1.62	0.02
1.82	0.02
2.02	0.02
2.23	0.02
2.42	0.02
2.62	0.02
2.82	0.02
3.02	0.02
3.22	0.02
3.42	0.02
3.63	0.04
3.83	0.04
4.03	0.06
4.23	0.08
4.43	0.1
4.61	0.26
4.79	0.32
4.97	0.36
5.15	0.4
5.34	0.44
5.62	0.52
5.78	0.64
6.03	0.8200000000000001
6.17	1.0
6.32	1.18
6.5600000000000005	1.3800000000000001
6.78	1.8
6.91	2.04
7.21	2.52
7.390000000000001	3.1
7.5600000000000005	3.56
7.71	3.96
7.91	4.64
8.120000000000001	5.46
8.33	6.34
8.540000000000001	7.36
8.75	8.5
8.97	9.8
9.19	11.3
9.41	13.06
9.64	14.9
9.84	16.740000000000002
10.05	18.62
10.11	20.22
