0.005	0.02
0.005	0.02
0.005	0.02
0.005	0.04
0.005	0.02
0.005	0.02
0.005	0.02
0.0	0.02
0.0	0.02
0.005	0.02
-0.03	0.02
-0.105	0.02
-0.1	0.04
-0.13	0.04
-0.16	0.02
-0.185	0.02
-0.185	0.02
-0.22	0.02
-0.25	0.02
-0.275	0.02
-0.275	0.02
-0.31	0.02
-0.34	0.02
-0.37	0.02
-0.37	0.04
-0.405	0.02
-0.435	0.02
-0.465	0.02
-0.465	0.04
-0.5	0.02
-0.53	0.02
-0.56	0.02
-0.56	0.02
-0.59	0.02
-0.625	0.04
-0.655	0.02
-0.655	0.02
-0.6900000000000001	0.02
-0.72	0.02
-0.75	0.02
-0.75	0.02
-0.78	0.02
-0.8150000000000001	0.02
-0.845	0.02
-0.85	0.02
-0.88	0.04
-0.91	0.02
-0.9450000000000001	0.02
-0.9450000000000001	0.02
-0.975	0.04
-1.0050000000000001	0.02
-1.0050000000000001	0.04
-1.04	0.02
-1.07	0.02
-1.1	0.02
-1.1	0.04
-1.135	0.02
-1.165	0.02
-1.19	0.04
-1.19	0.02
-1.22	0.02
-1.2550000000000001	0.02
-1.285	0.04
-1.285	0.04
-1.315	0.02
-1.35	0.02
-1.3800000000000001	0.02
-1.3800000000000001	0.02
-1.41	0.02
-1.445	0.02
-1.475	0.04
-1.48	0.02
-1.51	0.02
-1.54	0.02
-1.57	0.02
-1.57	0.02
-1.605	0.02
-1.635	0.0
-1.665	0.0
-1.665	0.0
-1.7	0.0
-1.73	-0.02
-1.7650000000000001	-0.02
-1.7550000000000001	-0.02
-1.79	-0.02
-1.825	-0.04
-1.855	-0.04
-1.855	-0.06
-1.885	-0.06
-1.915	-0.08
-1.945	-0.1
-1.945	-0.1
-1.975	-0.14
-2.005	-0.16
-2.035	-0.2
-2.035	-0.2
-2.065	-0.2
-2.09	-0.26
-2.12	-0.3
-2.12	-0.3
-2.15	-0.34
-2.1750000000000003	-0.38
-2.18	-0.4
-2.205	-0.44
-2.23	-0.5
-2.255	-0.58
-2.255	-0.58
-2.2800000000000002	-0.66
-2.305	-0.74
-2.335	-0.8
-2.335	-0.8
-2.355	-0.9
-2.38	-1.0
-2.4050000000000002	-1.08
-2.41	-1.08
-2.43	-1.18
-2.455	-1.3
-2.475	-1.42
-2.475	-1.42
-2.5	-1.54
-2.52	-1.6600000000000001
-2.54	-1.8
-2.54	-1.8
-2.56	-1.92
-2.585	-2.08
-2.605	-2.22
-2.605	-2.22
-2.625	-2.36
-2.645	-2.5
-2.665	-2.64
-2.665	-2.64
-2.69	-2.7800000000000002
-2.71	-2.94
-2.725	-3.06
-2.73	-3.06
-2.75	-3.2
-2.77	-3.3200000000000003
-2.795	-3.48
-2.795	-3.46
-2.815	-3.6
-2.835	-3.72
-2.86	-3.86
-2.86	-3.86
-2.88	-3.98
-2.9	-4.12
-2.9250000000000003	-4.26
-2.92	-4.26
-2.945	-4.4
-2.97	-4.54
-2.99	-4.68
-2.99	-4.68
-3.0100000000000002	-4.82
-3.0300000000000002	-4.96
-3.0300000000000002	-4.94
-3.0500000000000003	-5.1000000000000005
-3.0700000000000003	-5.22
-3.09	-5.38
-3.095	-5.38
-3.115	-5.54
-3.1350000000000002	-5.68
-3.1550000000000002	-5.82
-3.1550000000000002	-5.82
-3.1750000000000003	-5.92
-3.2	-6.140000000000001
-3.215	-6.3
-3.21	-6.3
-3.23	-6.46
-3.255	-6.62
-3.275	-6.78
-3.275	-6.78
-3.295	-6.96
-3.315	-7.12
-3.33	-7.28
-3.33	-7.28
-3.35	-7.46
-3.365	-7.62
-3.3850000000000002	-7.8
-3.3850000000000002	-7.8
-3.4	-7.98
-3.4250000000000003	-8.16
-3.44	-8.34
-3.4450000000000003	-8.34
-3.46	-8.52
-3.475	-8.700000000000001
-3.495	-8.88
-3.495	-8.88
-3.5100000000000002	-9.06
-3.525	-9.24
-3.545	-9.44
-3.545	-9.44
-3.565	-9.64
-3.58	-9.82
-3.595	-10.02
-3.6	-10.02
-3.615	-10.22
-3.63	-10.4
-3.645	-10.6
-3.645	-10.620000000000001
-3.665	-10.8
-3.68	-11.0
-3.6950000000000003	-11.200000000000001
-3.6950000000000003	-11.22
-3.71	-11.4
-3.73	-11.620000000000001
-3.725	-11.620000000000001
-3.745	-11.82
-3.7600000000000002	-12.02
-3.775	-12.22
-3.775	-12.24
-3.795	-12.44
-3.805	-12.64
-3.825	-12.86
-3.825	-12.86
-3.84	-13.08
-3.855	-13.3
-3.87	-13.52
-3.87	-13.5
-3.8850000000000002	-13.76
-3.9	-13.96
-3.915	-14.18
-3.915	-14.16
-3.93	-14.38
-3.9450000000000003	-14.6
-3.96	-14.82
-3.96	-14.82
-3.975	-15.040000000000001
-3.99	-15.26
-4.005	-15.48
-4.005	-15.48
-4.0200000000000005	-15.700000000000001
-4.03	-15.94
-4.045	-16.16
-4.05	-16.16
-4.0600000000000005	-16.38
-4.075	-16.62
-4.09	-16.86
-4.09	-16.86
-4.105	-17.080000000000002
-4.115	-17.3
-4.13	-17.54
-4.13	-17.54
-4.15	-17.78
-4.16	-18.0
-4.175	-18.240000000000002
-4.175	-18.240000000000002
-4.19	-18.48
-4.2	-18.72
-4.215	-18.94
-4.215	-18.94
-4.23	-19.18
-4.245	-19.42
-4.255	-19.66
-4.26	-19.66
-4.2700000000000005	-19.900000000000002
-4.285	-20.14
-4.285	-20.14
