0.005	0.02
0.005	0.02
0.005	0.02
0.005	0.04
0.005	0.02
0.005	0.02
0.005	0.02
0.005	0.04
0.005	0.02
0.0	0.02
-0.035	0.02
-0.105	0.04
-0.105	0.02
-0.135	0.02
-0.16	0.02
-0.19	0.02
-0.185	0.04
-0.215	0.02
-0.245	0.02
-0.28	0.02
-0.275	0.02
-0.31	0.02
-0.34	0.02
-0.37	0.04
-0.375	0.04
-0.405	0.02
-0.435	0.02
-0.465	0.02
-0.465	0.02
-0.495	0.04
-0.53	0.02
-0.56	0.04
-0.56	0.04
-0.59	0.02
-0.625	0.02
-0.655	0.02
-0.655	0.02
-0.685	0.02
-0.72	0.04
-0.75	0.04
-0.75	0.04
-0.785	0.02
-0.8200000000000001	0.02
-0.85	0.02
-0.85	0.02
-0.88	0.04
-0.91	0.04
-0.9450000000000001	0.02
-0.9400000000000001	0.02
-0.975	0.02
-1.0050000000000001	0.02
-1.0050000000000001	0.02
-1.04	0.02
-1.07	0.02
-1.1	0.02
-1.1	0.02
-1.135	0.02
-1.165	0.02
-1.19	0.04
-1.19	0.02
-1.22	0.02
-1.25	0.02
-1.28	0.02
-1.285	0.02
-1.315	0.04
-1.35	0.02
-1.3800000000000001	0.02
-1.3800000000000001	0.02
-1.41	0.02
-1.445	0.02
-1.475	0.02
-1.475	0.02
-1.5050000000000001	0.02
-1.54	0.02
-1.57	0.02
-1.57	0.02
-1.605	0.02
-1.635	0.0
-1.665	0.02
-1.665	0.02
-1.695	0.0
-1.73	-0.02
-1.76	-0.02
-1.7650000000000001	-0.02
-1.79	-0.02
-1.825	-0.04
-1.855	-0.06
-1.855	-0.04
-1.885	-0.06
-1.915	-0.08
-1.945	-0.1
-1.945	-0.1
-1.975	-0.12
-2.005	-0.16
-2.0300000000000002	-0.18
-2.0300000000000002	-0.18
-2.06	-0.22
-2.09	-0.26
-2.12	-0.3
-2.115	-0.3
-2.145	-0.34
-2.1750000000000003	-0.4
-2.1750000000000003	-0.4
-2.2	-0.46
-2.23	-0.52
-2.255	-0.58
-2.255	-0.58
-2.285	-0.66
-2.31	-0.72
-2.33	-0.8200000000000001
-2.335	-0.8
-2.36	-0.88
-2.3850000000000002	-1.0
-2.4050000000000002	-1.1
-2.41	-1.08
-2.43	-1.2
-2.455	-1.3
-2.475	-1.42
-2.475	-1.42
-2.495	-1.54
-2.52	-1.6400000000000001
-2.54	-1.8
-2.54	-1.78
-2.565	-1.94
-2.58	-2.06
-2.605	-2.22
-2.605	-2.2
-2.625	-2.36
-2.645	-2.5
-2.67	-2.66
-2.665	-2.66
-2.69	-2.7800000000000002
-2.71	-2.94
-2.73	-3.08
-2.73	-3.06
-2.75	-3.2
-2.77	-3.34
-2.795	-3.46
-2.795	-3.48
-2.815	-3.6
-2.84	-3.72
-2.86	-3.86
-2.86	-3.86
-2.8850000000000002	-4.0
-2.9050000000000002	-4.12
-2.9250000000000003	-4.26
-2.9250000000000003	-4.26
-2.95	-4.4
-2.97	-4.54
-2.99	-4.68
-2.99	-4.68
-3.0100000000000002	-4.82
-3.0300000000000002	-4.96
-3.0300000000000002	-4.96
-3.055	-5.1000000000000005
-3.075	-5.24
-3.095	-5.4
-3.095	-5.38
-3.115	-5.54
-3.1350000000000002	-5.7
-3.1550000000000002	-5.84
-3.1550000000000002	-5.84
-3.1750000000000003	-5.98
-3.1950000000000003	-6.140000000000001
-3.215	-6.3
-3.215	-6.32
-3.235	-6.48
-3.255	-6.62
-3.275	-6.8
-3.275	-6.8
-3.295	-6.98
-3.315	-7.140000000000001
-3.335	-7.3
-3.335	-7.3
-3.355	-7.48
-3.365	-7.66
-3.3850000000000002	-7.82
-3.3850000000000002	-7.82
-3.4050000000000002	-8.0
-3.4250000000000003	-8.16
-3.4450000000000003	-8.34
-3.4450000000000003	-8.34
-3.46	-8.540000000000001
-3.48	-8.72
-3.495	-8.9
-3.495	-8.9
-3.5100000000000002	-9.08
-3.5300000000000002	-9.28
-3.5500000000000003	-9.46
-3.5500000000000003	-9.46
-3.565	-9.66
-3.58	-9.84
-3.6	-10.040000000000001
-3.6	-10.040000000000001
-3.62	-10.24
-3.63	-10.44
-3.65	-10.620000000000001
-3.65	-10.620000000000001
-3.665	-10.82
-3.68	-11.040000000000001
-3.7	-11.22
-3.7	-11.24
-3.715	-11.44
-3.73	-11.64
-3.73	-11.64
-3.745	-11.84
-3.765	-12.06
-3.7800000000000002	-12.26
-3.7800000000000002	-12.26
-3.795	-12.48
-3.81	-12.68
-3.825	-12.9
-3.825	-12.9
-3.84	-13.120000000000001
-3.855	-13.34
-3.87	-13.56
-3.87	-13.56
-3.8850000000000002	-13.76
-3.9050000000000002	-13.98
-3.915	-14.200000000000001
-3.92	-14.200000000000001
-3.935	-14.42
-3.9450000000000003	-14.64
-3.9650000000000003	-14.86
-3.96	-14.86
-3.98	-15.08
-3.995	-15.3
-4.005	-15.52
-4.01	-15.52
-4.0200000000000005	-15.76
-4.035	-15.98
-4.05	-16.2
-4.05	-16.2
-4.065	-16.44
-4.08	-16.66
-4.095	-16.9
-4.095	-16.9
-4.11	-17.14
-4.12	-17.36
-4.135	-17.580000000000002
-4.14	-17.580000000000002
-4.15	-17.84
-4.165	-18.06
-4.18	-18.28
-4.18	-18.28
-4.19	-18.52
-4.205	-18.76
-4.22	-19.0
-4.22	-19.0
-4.23	-19.240000000000002
-4.245	-19.46
-4.26	-19.72
-4.26	-19.72
-4.275	-19.96
-4.29	-20.22
-4.285	-20.2
