0.005	0.04
0.005	0.02
0.005	0.02
0.005	0.04
0.005	0.04
0.005	0.02
0.005	0.02
0.005	0.04
0.005	0.02
0.0	0.02
-0.03	0.02
-0.105	0.02
-0.105	0.02
-0.135	0.02
-0.155	0.04
-0.19	0.02
-0.185	0.02
-0.215	0.02
-0.245	0.04
-0.28	0.04
-0.275	0.04
-0.31	0.02
-0.34	0.04
-0.37	0.04
-0.37	0.02
-0.4	0.04
-0.435	0.04
-0.46	0.02
-0.465	0.02
-0.495	0.04
-0.53	0.04
-0.56	0.02
-0.56	0.02
-0.59	0.02
-0.62	0.02
-0.655	0.04
-0.66	0.04
-0.685	0.02
-0.72	0.04
-0.75	0.02
-0.75	0.02
-0.785	0.02
-0.8150000000000001	0.02
-0.85	0.02
-0.845	0.04
-0.88	0.04
-0.915	0.02
-0.9450000000000001	0.02
-0.9450000000000001	0.04
-0.975	0.02
-1.0050000000000001	0.04
-1.0050000000000001	0.04
-1.04	0.04
-1.07	0.04
-1.105	0.04
-1.1	0.04
-1.135	0.04
-1.165	0.02
-1.19	0.02
-1.19	0.04
-1.22	0.02
-1.25	0.04
-1.285	0.02
-1.285	0.02
-1.315	0.02
-1.35	0.02
-1.3800000000000001	0.04
-1.3800000000000001	0.04
-1.41	0.02
-1.445	0.02
-1.475	0.02
-1.475	0.02
-1.5050000000000001	0.02
-1.54	0.02
-1.575	0.02
-1.57	0.02
-1.6	0.02
-1.635	0.0
-1.665	0.0
-1.665	0.02
-1.695	0.0
-1.73	0.0
-1.76	-0.02
-1.76	-0.02
-1.79	-0.02
-1.825	-0.04
-1.855	-0.06
-1.855	-0.04
-1.885	-0.06
-1.915	-0.08
-1.945	-0.1
-1.945	-0.1
-1.975	-0.12
-2.005	-0.14
-2.035	-0.18
-2.0300000000000002	-0.2
-2.06	-0.22
-2.09	-0.24
-2.12	-0.3
-2.12	-0.3
-2.15	-0.34
-2.1750000000000003	-0.4
-2.1750000000000003	-0.4
-2.205	-0.44
-2.23	-0.52
-2.255	-0.58
-2.255	-0.58
-2.285	-0.66
-2.31	-0.72
-2.335	-0.8
-2.33	-0.8200000000000001
-2.36	-0.9
-2.38	-0.98
-2.4050000000000002	-1.08
-2.4050000000000002	-1.08
-2.43	-1.2
-2.455	-1.3
-2.475	-1.42
-2.475	-1.42
-2.495	-1.54
-2.52	-1.68
-2.54	-1.8
-2.54	-1.78
-2.565	-1.94
-2.585	-2.08
-2.605	-2.22
-2.605	-2.22
-2.625	-2.36
-2.65	-2.52
-2.67	-2.66
-2.67	-2.66
-2.685	-2.8000000000000003
-2.705	-2.92
-2.73	-3.08
-2.73	-3.08
-2.75	-3.2
-2.775	-3.34
-2.795	-3.48
-2.795	-3.46
-2.815	-3.6
-2.84	-3.74
-2.86	-3.86
-2.86	-3.86
-2.8850000000000002	-4.0
-2.9050000000000002	-4.14
-2.9250000000000003	-4.26
-2.93	-4.26
-2.945	-4.4
-2.97	-4.54
-2.99	-4.7
-2.99	-4.68
-3.0100000000000002	-4.82
-3.035	-4.96
-3.0300000000000002	-4.96
-3.055	-5.1000000000000005
-3.075	-5.24
-3.095	-5.4
-3.095	-5.4
-3.115	-5.54
-3.1350000000000002	-5.7
-3.1550000000000002	-5.84
-3.16	-5.84
-3.18	-6.0
-3.1950000000000003	-6.140000000000001
-3.22	-6.3
-3.215	-6.32
-3.235	-6.48
-3.255	-6.640000000000001
-3.275	-6.8
-3.275	-6.8
-3.295	-6.96
-3.315	-7.140000000000001
-3.335	-7.3
-3.335	-7.32
-3.355	-7.48
-3.37	-7.640000000000001
-3.39	-7.84
-3.39	-7.84
-3.41	-8.0
-3.4250000000000003	-8.18
-3.4450000000000003	-8.36
-3.4450000000000003	-8.36
-3.465	-8.540000000000001
-3.48	-8.72
-3.495	-8.92
-3.495	-8.9
-3.515	-9.08
-3.535	-9.3
-3.545	-9.46
-3.5500000000000003	-9.48
-3.565	-9.68
-3.585	-9.86
-3.605	-10.06
-3.605	-10.06
-3.62	-10.24
-3.6350000000000002	-10.44
-3.6550000000000002	-10.64
-3.65	-10.64
-3.67	-10.86
-3.685	-11.040000000000001
-3.7	-11.26
-3.7	-11.24
-3.72	-11.46
-3.735	-11.66
-3.735	-11.66
-3.745	-11.86
-3.765	-12.08
-3.7800000000000002	-12.280000000000001
-3.7800000000000002	-12.280000000000001
-3.795	-12.5
-3.815	-12.72
-3.825	-12.92
-3.825	-12.92
-3.84	-13.14
-3.86	-13.36
-3.875	-13.56
-3.875	-13.58
-3.89	-13.780000000000001
-3.9050000000000002	-14.0
-3.92	-14.22
-3.92	-14.22
-3.935	-14.44
-3.95	-14.66
-3.9650000000000003	-14.88
-3.9650000000000003	-14.9
-3.98	-15.1
-3.995	-15.32
-4.01	-15.540000000000001
-4.01	-15.56
-4.025	-15.780000000000001
-4.04	-16.02
-4.05	-16.240000000000002
-4.055	-16.240000000000002
-4.065	-16.46
-4.08	-16.7
-4.095	-16.94
-4.095	-16.94
-4.11	-17.16
-4.125	-17.38
-4.14	-17.62
-4.135	-17.62
-4.15	-17.86
-4.165	-18.1
-4.18	-18.34
-4.18	-18.34
-4.195	-18.56
-4.21	-18.8
-4.22	-19.02
-4.22	-19.04
-4.235	-19.28
-4.25	-19.5
-4.265	-19.76
-4.265	-19.76
-4.275	-20.0
-4.29	-20.240000000000002
-4.29	-20.240000000000002
