0.005	0.02
0.005	0.02
0.005	0.02
0.005	0.02
0.005	0.02
0.005	0.02
0.005	0.02
0.005	0.04
0.0	0.02
-0.03	0.02
-0.105	0.04
-0.13	0.02
-0.135	0.04
-0.16	0.02
-0.185	0.02
-0.215	0.04
-0.25	0.02
-0.245	0.02
-0.275	0.02
-0.31	0.02
-0.34	0.02
-0.37	0.04
-0.405	0.02
-0.4	0.04
-0.435	0.02
-0.465	0.02
-0.495	0.02
-0.53	0.02
-0.56	0.02
-0.56	0.02
-0.595	0.02
-0.625	0.02
-0.655	0.02
-0.6900000000000001	0.04
-0.685	0.04
-0.72	0.02
-0.75	0.02
-0.785	0.02
-0.8200000000000001	0.02
-0.85	0.04
-0.85	0.02
-0.88	0.02
-0.91	0.04
-0.9450000000000001	0.02
-0.975	0.02
-1.0050000000000001	0.04
-1.0050000000000001	0.02
-1.04	0.02
-1.07	0.02
-1.1	0.02
-1.135	0.02
-1.135	0.02
-1.165	0.02
-1.19	0.02
-1.22	0.02
-1.25	0.02
-1.285	0.02
-1.285	0.04
-1.315	0.04
-1.35	0.04
-1.3800000000000001	0.04
-1.41	0.02
-1.445	0.02
-1.445	0.02
-1.48	0.02
-1.5050000000000001	0.02
-1.54	0.02
-1.57	0.04
-1.57	0.02
-1.6	0.02
-1.635	0.02
-1.665	0.02
-1.7	0.02
-1.73	0.02
-1.73	0.04
-1.7650000000000001	0.02
-1.8	0.02
-1.83	0.02
-1.86	0.04
-1.895	0.02
-1.895	0.02
-1.925	0.02
-1.955	0.02
-1.99	0.02
-2.02	0.02
-2.02	0.02
-2.055	0.04
-2.085	0.04
-2.115	0.02
-2.15	0.02
-2.18	0.02
-2.18	0.02
-2.21	0.02
-2.24	0.02
-2.275	0.04
-2.315	0.02
-2.34	0.02
-2.34	0.02
-2.37	0.02
-2.4050000000000002	0.02
-2.435	0.02
-2.47	0.02
-2.47	0.02
-2.5	0.02
-2.5300000000000002	0.02
-2.565	0.02
-2.595	0.0
-2.625	-0.02
-2.625	-0.02
-2.65	-0.04
-2.68	-0.06
-2.715	-0.1
-2.745	-0.14
-2.77	-0.18
-2.77	-0.18
-2.8000000000000003	-0.22
-2.825	-0.26
-2.855	-0.34
-2.88	-0.4
-2.88	-0.38
-2.9050000000000002	-0.46
-2.93	-0.54
-2.96	-0.6
-2.985	-0.68
-3.0100000000000002	-0.76
-3.0100000000000002	-0.76
-3.035	-0.86
-3.06	-0.9400000000000001
-3.085	-1.04
-3.105	-1.1400000000000001
-3.1350000000000002	-1.24
-3.13	-1.26
-3.1550000000000002	-1.36
-3.18	-1.46
-3.205	-1.58
-3.225	-1.72
-3.225	-1.72
-3.245	-1.82
-3.27	-1.96
-3.29	-2.08
-3.315	-2.22
-3.33	-2.36
-3.33	-2.36
-3.355	-2.52
-3.375	-2.64
-3.395	-2.8000000000000003
-3.415	-2.94
-3.44	-3.1
-3.435	-3.1
-3.455	-3.24
-3.475	-3.4
-3.495	-3.58
-3.515	-3.74
-3.5100000000000002	-3.74
-3.535	-3.88
-3.555	-4.08
-3.5700000000000003	-4.24
-3.59	-4.42
-3.61	-4.58
-3.615	-4.58
-3.625	-4.76
-3.645	-4.94
-3.665	-5.12
-3.68	-5.3
-3.7	-5.48
-3.7	-5.48
-3.715	-5.66
-3.735	-5.84
-3.745	-6.04
-3.765	-6.24
-3.765	-6.24
-3.785	-6.42
-3.8000000000000003	-6.62
-3.815	-6.82
-3.835	-7.0200000000000005
-3.855	-7.22
-3.85	-7.22
-3.87	-7.42
-3.8850000000000002	-7.62
-3.9	-7.82
-3.92	-8.02
-3.935	-8.22
-3.935	-8.22
-3.95	-8.44
-3.9650000000000003	-8.64
-3.98	-8.84
-4.0	-9.06
-3.995	-9.06
-4.015	-9.26
-4.025	-9.48
-4.045	-9.700000000000001
-4.0600000000000005	-9.9
-4.075	-10.14
-4.075	-10.120000000000001
-4.09	-10.36
-4.105	-10.58
-4.12	-10.8
-4.135	-11.0
-4.15	-11.24
-4.15	-11.24
-4.165	-11.46
-4.18	-11.68
-4.195	-11.9
-4.21	-12.14
-4.21	-12.120000000000001
-4.225	-12.34
-4.24	-12.58
-4.255	-12.8
-4.2700000000000005	-13.040000000000001
-4.28	-13.26
-4.285	-13.26
-4.295	-13.5
-4.3100000000000005	-13.72
-4.325	-13.96
-4.34	-14.200000000000001
-4.355	-14.44
-4.3500000000000005	-14.44
-4.37	-14.66
-4.385	-14.9
-4.3950000000000005	-15.14
-4.41	-15.38
-4.41	-15.38
-4.425	-15.6
-4.4350000000000005	-15.860000000000001
-4.45	-16.080000000000002
-4.46	-16.32
-4.4750000000000005	-16.56
-4.4750000000000005	-16.580000000000002
-4.49	-16.82
-4.505	-17.06
-4.515	-17.3
-4.53	-17.54
-4.545	-17.8
-4.545	-17.8
-4.5600000000000005	-18.04
-4.57	-18.28
-4.585	-18.52
-4.595	-18.78
-4.595	-18.78
-4.61	-19.02
-4.62	-19.28
-4.635	-19.52
-4.6450000000000005	-19.76
-4.665	-20.0
-4.66	-20.0
-4.675	-20.240000000000002
-4.6850000000000005	-20.240000000000002
-4.7	-20.240000000000002
-4.71	-20.240000000000002
-4.72	-20.240000000000002
-4.7250000000000005	-20.240000000000002
-4.735	-20.240000000000002
-4.75	-20.240000000000002
-4.76	-20.240000000000002
-4.775	-20.240000000000002
-4.775	-20.240000000000002
