0.005	0.02
0.005	0.02
0.005	0.04
0.005	0.02
0.005	0.04
0.005	0.02
0.005	0.04
0.0	0.02
0.005	0.02
0.0	0.02
-0.035	0.02
-0.105	0.02
-0.105	0.02
-0.13	0.04
-0.16	0.04
-0.19	0.02
-0.185	0.02
-0.215	0.02
-0.245	0.04
-0.275	0.04
-0.28	0.02
-0.31	0.02
-0.34	0.02
-0.37	0.02
-0.37	0.02
-0.4	0.02
-0.435	0.02
-0.465	0.02
-0.465	0.02
-0.5	0.02
-0.53	0.02
-0.56	0.04
-0.56	0.02
-0.595	0.02
-0.625	0.02
-0.655	0.02
-0.655	0.02
-0.685	0.02
-0.72	0.02
-0.75	0.04
-0.75	0.02
-0.78	0.02
-0.8150000000000001	0.04
-0.85	0.02
-0.845	0.02
-0.88	0.04
-0.91	0.02
-0.9400000000000001	0.02
-0.9450000000000001	0.02
-0.975	0.02
-1.0050000000000001	0.02
-1.01	0.02
-1.04	0.02
-1.07	0.02
-1.1	0.04
-1.1	0.04
-1.135	0.02
-1.165	0.04
-1.19	0.02
-1.19	0.04
-1.22	0.02
-1.25	0.02
-1.285	0.02
-1.285	0.02
-1.32	0.02
-1.345	0.02
-1.3800000000000001	0.02
-1.3800000000000001	0.02
-1.41	0.02
-1.445	0.02
-1.475	0.02
-1.48	0.02
-1.5050000000000001	0.02
-1.54	0.02
-1.575	0.02
-1.57	0.02
-1.605	0.02
-1.635	0.02
-1.67	0.0
-1.665	0.0
-1.7	0.0
-1.725	-0.02
-1.76	-0.02
-1.76	-0.02
-1.79	-0.02
-1.825	-0.04
-1.855	-0.04
-1.86	-0.04
-1.885	-0.04
-1.915	-0.08
-1.945	-0.1
-1.945	-0.1
-1.975	-0.14
-2.005	-0.16
-2.035	-0.18
-2.035	-0.18
-2.06	-0.22
-2.09	-0.26
-2.12	-0.3
-2.12	-0.3
-2.15	-0.34
-2.1750000000000003	-0.38
-2.1750000000000003	-0.38
-2.205	-0.44
-2.23	-0.5
-2.255	-0.58
-2.255	-0.58
-2.2800000000000002	-0.64
-2.305	-0.72
-2.335	-0.8
-2.33	-0.8
-2.36	-0.9
-2.38	-0.98
-2.4050000000000002	-1.1
-2.4050000000000002	-1.08
-2.43	-1.18
-2.45	-1.3
-2.48	-1.42
-2.475	-1.4000000000000001
-2.5	-1.54
-2.52	-1.6600000000000001
-2.54	-1.78
-2.54	-1.8
-2.565	-1.92
-2.585	-2.08
-2.605	-2.22
-2.605	-2.22
-2.63	-2.36
-2.645	-2.52
-2.665	-2.66
-2.665	-2.64
-2.685	-2.8000000000000003
-2.71	-2.92
-2.73	-3.06
-2.73	-3.08
-2.75	-3.2
-2.775	-3.34
-2.795	-3.46
-2.795	-3.46
-2.815	-3.6
-2.84	-3.72
-2.86	-3.86
-2.86	-3.86
-2.8850000000000002	-4.0
-2.9050000000000002	-4.12
-2.9250000000000003	-4.26
-2.9250000000000003	-4.26
-2.95	-4.4
-2.965	-4.54
-2.99	-4.68
-2.99	-4.68
-3.0100000000000002	-4.82
-3.0300000000000002	-4.96
-3.0300000000000002	-4.96
-3.0500000000000003	-5.1000000000000005
-3.0700000000000003	-5.24
-3.095	-5.4
-3.095	-5.4
-3.115	-5.54
-3.1350000000000002	-5.7
-3.1550000000000002	-5.84
-3.1550000000000002	-5.86
-3.1750000000000003	-6.0
-3.1950000000000003	-6.140000000000001
-3.215	-6.3
-3.215	-6.32
-3.23	-6.48
-3.255	-6.640000000000001
-3.275	-6.8
-3.275	-6.8
-3.295	-6.98
-3.315	-7.140000000000001
-3.33	-7.32
-3.33	-7.3
-3.355	-7.48
-3.37	-7.640000000000001
-3.39	-7.82
-3.39	-7.82
-3.4050000000000002	-8.0
-3.4250000000000003	-8.18
-3.4450000000000003	-8.36
-3.4450000000000003	-8.36
-3.46	-8.540000000000001
-3.48	-8.72
-3.495	-8.9
-3.495	-8.9
-3.5100000000000002	-9.08
-3.5300000000000002	-9.28
-3.5500000000000003	-9.48
-3.5500000000000003	-9.46
-3.565	-9.66
-3.58	-9.86
-3.6	-10.06
-3.6	-10.06
-3.615	-10.24
-3.6350000000000002	-10.44
-3.65	-10.64
-3.65	-10.64
-3.665	-10.84
-3.685	-11.040000000000001
-3.7	-11.24
-3.7	-11.24
-3.715	-11.44
-3.735	-11.64
-3.73	-11.66
-3.75	-11.84
-3.765	-12.06
-3.7800000000000002	-12.26
-3.7800000000000002	-12.280000000000001
-3.795	-12.48
-3.81	-12.700000000000001
-3.825	-12.92
-3.825	-12.9
-3.845	-13.120000000000001
-3.86	-13.36
-3.875	-13.56
-3.875	-13.56
-3.89	-13.780000000000001
-3.9050000000000002	-13.98
-3.92	-14.22
-3.92	-14.200000000000001
-3.935	-14.42
-3.95	-14.66
-3.9650000000000003	-14.88
-3.9650000000000003	-14.88
-3.98	-15.1
-3.995	-15.3
-4.01	-15.52
-4.01	-15.540000000000001
-4.025	-15.76
-4.04	-16.0
-4.05	-16.240000000000002
-4.055	-16.22
-4.065	-16.44
-4.08	-16.68
-4.095	-16.92
-4.095	-16.92
-4.11	-17.14
-4.125	-17.38
-4.135	-17.6
-4.135	-17.6
-4.15	-17.84
-4.165	-18.080000000000002
-4.18	-18.32
-4.18	-18.32
-4.195	-18.56
-4.205	-18.78
-4.22	-19.02
-4.22	-19.02
-4.235	-19.26
-4.25	-19.5
-4.26	-19.740000000000002
-4.265	-19.740000000000002
-4.275	-19.98
-4.29	-20.22
-4.29	-20.22
