0.005	0.04
0.005	0.04
0.005	0.02
0.005	0.02
0.005	0.02
0.01	0.02
0.005	0.04
0.005	0.04
0.005	0.04
-0.04	0.02
-0.04	0.02
-0.105	0.04
-0.135	0.04
-0.16	0.04
-0.16	0.02
-0.185	0.04
-0.22	0.04
-0.25	0.02
-0.28	0.02
-0.28	0.04
-0.315	0.02
-0.34	0.02
-0.375	0.02
-0.405	0.06
-0.405	0.02
-0.435	0.02
-0.47000000000000003	0.02
-0.5	0.04
-0.5	0.02
-0.53	0.02
-0.56	0.04
-0.595	0.04
-0.625	0.02
-0.625	0.04
-0.66	0.02
-0.6950000000000001	0.02
-0.725	0.02
-0.75	0.02
-0.755	0.04
-0.785	0.02
-0.8200000000000001	0.04
-0.85	0.04
-0.85	0.02
-0.88	0.02
-0.915	0.04
-0.9450000000000001	0.02
-0.975	0.02
-0.975	0.02
-1.01	0.02
-1.04	0.04
-1.07	0.04
-1.07	0.02
-1.105	0.02
-1.135	0.02
-1.165	0.02
-1.195	0.02
-1.195	0.04
-1.22	0.02
-1.2550000000000001	0.02
-1.285	0.02
-1.32	0.02
-1.32	0.02
-1.35	0.02
-1.3800000000000001	0.02
-1.415	0.02
-1.415	0.02
-1.445	0.04
-1.475	0.02
-1.51	0.02
-1.54	0.02
-1.545	0.02
-1.575	0.02
-1.605	0.02
-1.635	0.02
-1.665	0.02
-1.665	0.0
-1.7	0.0
-1.73	0.0
-1.76	-0.02
-1.7650000000000001	0.0
-1.79	-0.02
-1.825	-0.04
-1.855	-0.04
-1.885	-0.06
-1.885	-0.06
-1.915	-0.08
-1.95	-0.1
-1.975	-0.12
-2.005	-0.14
-2.005	-0.16
-2.035	-0.18
-2.065	-0.22
-2.09	-0.24
-2.09	-0.24
-2.12	-0.3
-2.15	-0.34
-2.18	-0.4
-2.205	-0.44
-2.205	-0.46
-2.23	-0.52
-2.2600000000000002	-0.58
-2.285	-0.66
-2.285	-0.66
-2.31	-0.72
-2.335	-0.8200000000000001
-2.36	-0.9
-2.3850000000000002	-1.0
-2.3850000000000002	-1.0
-2.4050000000000002	-1.1
-2.43	-1.2
-2.455	-1.3
-2.475	-1.42
-2.475	-1.42
-2.495	-1.54
-2.52	-1.6600000000000001
-2.54	-1.78
-2.54	-1.8
-2.56	-1.92
-2.585	-2.08
-2.605	-2.22
-2.625	-2.36
-2.625	-2.36
-2.645	-2.5
-2.665	-2.64
-2.685	-2.7800000000000002
-2.705	-2.92
-2.71	-2.92
-2.725	-3.06
-2.75	-3.18
-2.77	-3.3200000000000003
-2.775	-3.3200000000000003
-2.795	-3.46
-2.815	-3.58
-2.835	-3.72
-2.86	-3.86
-2.86	-3.84
-2.88	-3.98
-2.9	-4.12
-2.9250000000000003	-4.24
-2.945	-4.38
-2.945	-4.38
-2.965	-4.5200000000000005
-2.985	-4.66
-3.0100000000000002	-4.8
-3.005	-4.8
-3.0300000000000002	-4.92
-3.0500000000000003	-5.08
-3.0700000000000003	-5.22
-3.09	-5.38
-3.09	-5.38
-3.115	-5.5
-3.13	-5.66
-3.15	-5.82
-3.15	-5.82
-3.17	-5.96
-3.19	-6.12
-3.21	-6.28
-3.23	-6.44
-3.23	-6.44
-3.25	-6.6000000000000005
-3.27	-6.76
-3.29	-6.92
-3.31	-7.1000000000000005
-3.31	-7.1000000000000005
-3.325	-7.26
-3.345	-7.44
-3.365	-7.6000000000000005
-3.365	-7.58
-3.38	-7.78
-3.4	-7.94
-3.415	-8.120000000000001
-3.435	-8.3
-3.435	-8.3
-3.455	-8.48
-3.47	-8.66
-3.49	-8.84
-3.505	-9.02
-3.505	-9.02
-3.52	-9.22
-3.54	-9.4
-3.555	-9.6
-3.555	-9.58
-3.575	-9.78
-3.59	-9.98
-3.61	-10.16
-3.625	-10.36
-3.625	-10.36
-3.64	-10.56
-3.66	-10.76
-3.6750000000000003	-10.96
-3.69	-11.16
-3.69	-11.14
-3.71	-11.36
-3.725	-11.56
-3.74	-11.76
-3.74	-11.74
-3.755	-11.96
-3.77	-12.18
-3.785	-12.38
-3.8000000000000003	-12.58
-3.8000000000000003	-12.58
-3.8200000000000003	-12.8
-3.835	-13.02
-3.85	-13.24
-3.85	-13.24
-3.865	-13.44
-3.88	-13.64
-3.89	-13.86
-3.91	-14.08
-3.91	-14.08
-3.9250000000000003	-14.280000000000001
-3.935	-14.52
-3.95	-14.74
-3.9650000000000003	-14.96
-3.97	-14.94
-3.985	-15.16
-3.995	-15.38
-4.01	-15.6
-4.01	-15.6
-4.025	-15.84
-4.04	-16.06
-4.055	-16.28
-4.07	-16.5
-4.065	-16.52
-4.08	-16.740000000000002
-4.095	-16.96
-4.11	-17.2
-4.125	-17.42
-4.125	-17.42
-4.14	-17.66
-4.155	-17.88
-4.165	-18.12
-4.165	-18.12
-4.18	-18.34
-4.195	-18.580000000000002
-4.205	-18.82
-4.22	-19.04
-4.22	-19.04
-4.235	-19.26
-4.245	-19.52
-4.26	-19.740000000000002
-4.275	-20.0
-4.275	-19.98
-4.285	-20.22
-4.3	-20.240000000000002
-4.315	-20.240000000000002
-4.315	-20.240000000000002
-4.325	-20.240000000000002
-4.34	-20.240000000000002
-4.3500000000000005	-20.240000000000002
-4.365	-20.240000000000002
-4.365	-20.240000000000002
-4.375	-20.240000000000002
-4.39	-20.240000000000002
-4.405	-20.240000000000002
-4.405	-20.240000000000002
