0.005	0.04
0.005	0.02
0.005	0.02
0.005	0.02
0.005	0.02
0.005	0.02
0.005	0.04
0.005	0.04
0.005	0.02
-0.04	0.04
-0.04	0.04
-0.105	0.04
-0.135	0.02
-0.16	0.02
-0.16	0.04
-0.19	0.02
-0.22	0.02
-0.25	0.02
-0.28	0.04
-0.28	0.02
-0.31	0.02
-0.34	0.02
-0.37	0.04
-0.405	0.02
-0.405	0.02
-0.435	0.04
-0.47000000000000003	0.04
-0.5	0.04
-0.505	0.04
-0.53	0.04
-0.5650000000000001	0.04
-0.59	0.04
-0.625	0.02
-0.625	0.04
-0.655	0.02
-0.6900000000000001	0.04
-0.72	0.02
-0.75	0.02
-0.755	0.04
-0.785	0.02
-0.8200000000000001	0.02
-0.85	0.02
-0.85	0.02
-0.88	0.02
-0.915	0.02
-0.9450000000000001	0.04
-0.975	0.04
-0.975	0.02
-1.0050000000000001	0.02
-1.04	0.04
-1.075	0.02
-1.075	0.02
-1.1	0.02
-1.135	0.02
-1.165	0.02
-1.195	0.04
-1.19	0.02
-1.22	0.02
-1.2550000000000001	0.02
-1.285	0.02
-1.32	0.04
-1.32	0.02
-1.35	0.02
-1.3800000000000001	0.02
-1.415	0.02
-1.415	0.02
-1.445	0.04
-1.475	0.02
-1.51	0.04
-1.54	0.04
-1.545	0.04
-1.575	0.02
-1.605	0.04
-1.6400000000000001	0.02
-1.67	0.02
-1.67	0.02
-1.705	0.02
-1.735	0.04
-1.7650000000000001	0.04
-1.7650000000000001	0.02
-1.795	0.02
-1.83	0.04
-1.865	0.04
-1.895	0.02
-1.8900000000000001	0.02
-1.925	0.04
-1.96	0.04
-1.99	0.02
-2.02	0.04
-2.02	0.04
-2.055	0.02
-2.085	0.04
-2.115	0.02
-2.115	0.04
-2.15	0.02
-2.18	0.02
-2.215	0.02
-2.245	0.02
-2.245	0.02
-2.275	0.04
-2.31	0.04
-2.345	0.04
-2.34	0.04
-2.37	0.04
-2.4050000000000002	0.02
-2.44	0.02
-2.47	0.02
-2.47	0.02
-2.5	0.02
-2.535	0.02
-2.565	0.02
-2.595	0.02
-2.595	0.0
-2.625	-0.02
-2.6550000000000002	-0.04
-2.68	-0.06
-2.685	-0.06
-2.715	-0.1
-2.745	-0.14
-2.77	-0.18
-2.8000000000000003	-0.22
-2.8000000000000003	-0.22
-2.83	-0.28
-2.855	-0.34
-2.8850000000000002	-0.4
-2.91	-0.48
-2.91	-0.46
-2.935	-0.54
-2.96	-0.62
-2.985	-0.7000000000000001
-2.985	-0.7000000000000001
-3.0100000000000002	-0.8
-3.04	-0.88
-3.06	-0.96
-3.085	-1.06
-3.085	-1.06
-3.11	-1.16
-3.1350000000000002	-1.26
-3.1550000000000002	-1.3800000000000001
-3.18	-1.5
-3.18	-1.5
-3.2	-1.6400000000000001
-3.225	-1.76
-3.245	-1.86
-3.245	-1.8800000000000001
-3.27	-2.0
-3.29	-2.12
-3.31	-2.2600000000000002
-3.335	-2.4
-3.335	-2.4
-3.355	-2.54
-3.375	-2.7
-3.4	-2.84
-3.395	-2.84
-3.415	-2.98
-3.435	-3.14
-3.455	-3.3000000000000003
-3.48	-3.46
-3.48	-3.46
-3.495	-3.62
-3.5100000000000002	-3.8000000000000003
-3.535	-3.96
-3.555	-4.14
-3.555	-4.14
-3.575	-4.3
-3.59	-4.48
-3.61	-4.66
-3.61	-4.64
-3.63	-4.84
-3.645	-5.0200000000000005
-3.665	-5.18
-3.685	-5.38
-3.685	-5.38
-3.7	-5.5600000000000005
-3.725	-5.74
-3.735	-5.94
-3.755	-6.12
-3.755	-6.12
-3.77	-6.32
-3.79	-6.5200000000000005
-3.805	-6.72
-3.805	-6.7
-3.8200000000000003	-6.9
-3.84	-7.12
-3.855	-7.32
-3.87	-7.5200000000000005
-3.87	-7.5
-3.89	-7.7
-3.9	-7.92
-3.9250000000000003	-8.120000000000001
-3.935	-8.32
-3.94	-8.34
-3.95	-8.540000000000001
-3.97	-8.74
-3.985	-8.96
-3.985	-8.96
-4.0	-9.16
-4.015	-9.38
-4.03	-9.6
-4.05	-9.8
-4.045	-9.82
-4.065	-10.040000000000001
-4.08	-10.24
-4.095	-10.48
-4.095	-10.48
-4.11	-10.700000000000001
-4.125	-10.92
-4.14	-11.14
-4.155	-11.38
-4.155	-11.38
-4.17	-11.6
-4.1850000000000005	-11.82
-4.2	-12.040000000000001
-4.215	-12.280000000000001
-4.215	-12.280000000000001
-4.23	-12.5
-4.245	-12.74
-4.255	-12.96
-4.255	-12.96
-4.275	-13.200000000000001
-4.29	-13.42
-4.3	-13.66
-4.315	-13.9
-4.315	-13.9
-4.33	-14.14
-4.345	-14.36
-4.36	-14.6
-4.375	-14.84
-4.37	-14.84
-4.385	-15.08
-4.4	-15.32
-4.415	-15.56
-4.415	-15.56
-4.43	-15.8
-4.445	-16.04
-4.455	-16.28
-4.47	-16.52
-4.47	-16.52
-4.485	-16.76
-4.495	-17.02
-4.51	-17.26
-4.525	-17.52
-4.525	-17.5
-4.535	-17.76
-4.555	-18.02
-4.565	-18.26
-4.565	-18.26
-4.58	-18.5
-4.59	-18.740000000000002
-4.605	-19.0
-4.615	-19.240000000000002
-4.615	-19.240000000000002
-4.63	-19.5
-4.6450000000000005	-19.76
-4.655	-20.02
-4.655	-20.02
