0.005	0.04
0.005	0.02
0.005	0.02
0.005	0.04
0.005	0.02
0.005	0.02
0.005	0.04
0.0	0.02
0.0	0.04
-0.04	0.04
-0.04	0.04
-0.105	0.04
-0.135	0.02
-0.16	0.04
-0.16	0.02
-0.19	0.04
-0.22	0.04
-0.25	0.02
-0.28	0.04
-0.28	0.04
-0.31	0.02
-0.34	0.02
-0.375	0.04
-0.405	0.02
-0.405	0.04
-0.44	0.04
-0.465	0.02
-0.5	0.02
-0.5	0.04
-0.535	0.04
-0.5650000000000001	0.02
-0.595	0.02
-0.63	0.02
-0.625	0.04
-0.66	0.04
-0.6900000000000001	0.04
-0.72	0.04
-0.75	0.04
-0.755	0.02
-0.785	0.04
-0.8200000000000001	0.02
-0.85	0.04
-0.85	0.02
-0.885	0.02
-0.91	0.02
-0.9450000000000001	0.04
-0.98	0.02
-0.975	0.02
-1.01	0.02
-1.04	0.02
-1.075	0.02
-1.075	0.02
-1.1	0.02
-1.135	0.02
-1.165	0.02
-1.195	0.02
-1.19	0.02
-1.22	0.02
-1.2550000000000001	0.02
-1.285	0.02
-1.32	0.04
-1.32	0.02
-1.35	0.02
-1.3800000000000001	0.04
-1.415	0.02
-1.415	0.02
-1.445	0.02
-1.48	0.04
-1.51	0.02
-1.54	0.02
-1.545	0.02
-1.575	0.02
-1.605	0.02
-1.635	0.02
-1.67	0.02
-1.67	0.02
-1.7	0.04
-1.735	0.04
-1.7650000000000001	0.02
-1.7650000000000001	0.02
-1.8	0.02
-1.835	0.02
-1.865	0.02
-1.895	0.02
-1.895	0.04
-1.925	0.04
-1.96	0.02
-1.99	0.04
-2.025	0.02
-2.02	0.04
-2.055	0.04
-2.085	0.02
-2.12	0.02
-2.115	0.04
-2.15	0.02
-2.18	0.02
-2.21	0.04
-2.245	0.04
-2.245	0.02
-2.2800000000000002	0.02
-2.31	0.04
-2.345	0.02
-2.345	0.04
-2.375	0.02
-2.4050000000000002	0.02
-2.435	0.02
-2.47	0.02
-2.47	0.02
-2.5	0.02
-2.535	0.02
-2.565	0.02
-2.595	0.0
-2.595	0.02
-2.625	-0.02
-2.6550000000000002	-0.04
-2.685	-0.06
-2.685	-0.06
-2.715	-0.1
-2.745	-0.14
-2.77	-0.18
-2.8000000000000003	-0.22
-2.8000000000000003	-0.24
-2.825	-0.28
-2.855	-0.34
-2.88	-0.4
-2.91	-0.46
-2.9050000000000002	-0.46
-2.935	-0.54
-2.96	-0.62
-2.985	-0.7000000000000001
-2.985	-0.7000000000000001
-3.0100000000000002	-0.78
-3.04	-0.86
-3.06	-0.96
-3.085	-1.08
-3.085	-1.06
-3.11	-1.16
-3.1350000000000002	-1.28
-3.16	-1.3800000000000001
-3.18	-1.52
-3.18	-1.5
-3.205	-1.62
-3.225	-1.76
-3.245	-1.86
-3.245	-1.86
-3.27	-2.0
-3.29	-2.14
-3.315	-2.2600000000000002
-3.335	-2.4
-3.335	-2.4
-3.355	-2.54
-3.375	-2.7
-3.4	-2.84
-3.395	-2.84
-3.415	-3.0
-3.435	-3.14
-3.455	-3.3000000000000003
-3.48	-3.46
-3.475	-3.46
-3.495	-3.62
-3.515	-3.7800000000000002
-3.535	-3.96
-3.555	-4.14
-3.555	-4.14
-3.575	-4.3
-3.59	-4.48
-3.61	-4.66
-3.615	-4.66
-3.63	-4.84
-3.645	-5.0
-3.665	-5.2
-3.685	-5.38
-3.685	-5.38
-3.7	-5.5600000000000005
-3.715	-5.74
-3.74	-5.94
-3.75	-6.12
-3.755	-6.12
-3.77	-6.32
-3.785	-6.5200000000000005
-3.805	-6.7
-3.805	-6.72
-3.825	-6.9
-3.84	-7.12
-3.855	-7.32
-3.87	-7.5200000000000005
-3.87	-7.5200000000000005
-3.89	-7.72
-3.9050000000000002	-7.92
-3.92	-8.120000000000001
-3.935	-8.34
-3.935	-8.34
-3.955	-8.540000000000001
-3.97	-8.76
-3.985	-8.98
-3.985	-8.96
-4.0	-9.18
-4.015	-9.4
-4.035	-9.620000000000001
-4.05	-9.84
-4.045	-9.82
-4.0600000000000005	-10.040000000000001
-4.08	-10.26
-4.095	-10.5
-4.095	-10.5
-4.11	-10.700000000000001
-4.125	-10.94
-4.14	-11.16
-4.155	-11.38
-4.155	-11.38
-4.175	-11.6
-4.1850000000000005	-11.84
-4.205	-12.06
-4.215	-12.280000000000001
-4.215	-12.280000000000001
-4.23	-12.52
-4.245	-12.74
-4.26	-12.98
-4.26	-12.96
-4.2700000000000005	-13.200000000000001
-4.29	-13.44
-4.3	-13.68
-4.32	-13.9
-4.315	-13.9
-4.335	-14.16
-4.345	-14.38
-4.36	-14.620000000000001
-4.375	-14.86
-4.375	-14.86
-4.39	-15.1
-4.4	-15.34
-4.415	-15.58
-4.415	-15.58
-4.43	-15.82
-4.44	-16.06
-4.455	-16.3
-4.47	-16.54
-4.47	-16.54
-4.485	-16.8
-4.5	-17.04
-4.51	-17.28
-4.525	-17.52
-4.525	-17.54
-4.54	-17.78
-4.55	-18.02
-4.565	-18.28
-4.565	-18.28
-4.58	-18.52
-4.59	-18.76
-4.605	-19.02
-4.615	-19.28
-4.62	-19.26
-4.63	-19.52
-4.6450000000000005	-19.76
-4.655	-20.02
-4.655	-20.02
