0.005	0.04
0.005	0.04
0.005	0.04
0.005	0.04
0.005	0.04
0.005	0.04
0.005	0.04
0.005	0.04
0.005	0.04
0.0	0.02
-0.04	0.04
-0.11	0.04
-0.11	0.02
-0.13	0.04
-0.16	0.04
-0.19	0.04
-0.19	0.04
-0.22	0.02
-0.25	0.04
-0.28	0.04
-0.28	0.04
-0.31	0.04
-0.34	0.02
-0.375	0.04
-0.37	0.04
-0.405	0.02
-0.44	0.02
-0.47000000000000003	0.02
-0.47000000000000003	0.02
-0.5	0.04
-0.53	0.02
-0.56	0.02
-0.56	0.02
-0.595	0.04
-0.625	0.04
-0.66	0.02
-0.655	0.04
-0.6900000000000001	0.04
-0.72	0.02
-0.755	0.02
-0.755	0.04
-0.785	0.02
-0.8200000000000001	0.02
-0.85	0.04
-0.85	0.04
-0.885	0.02
-0.915	0.04
-0.9450000000000001	0.04
-0.9450000000000001	0.04
-0.975	0.02
-1.01	0.02
-1.01	0.04
-1.04	0.04
-1.075	0.02
-1.105	0.02
-1.105	0.02
-1.135	0.02
-1.165	0.02
-1.195	0.02
-1.195	0.04
-1.225	0.04
-1.2550000000000001	0.04
-1.29	0.02
-1.285	0.04
-1.32	0.04
-1.35	0.04
-1.3800000000000001	0.02
-1.3800000000000001	0.04
-1.415	0.02
-1.445	0.02
-1.48	0.02
-1.475	0.04
-1.51	0.02
-1.54	0.04
-1.575	0.02
-1.575	0.02
-1.605	0.02
-1.635	0.0
-1.665	0.0
-1.665	0.0
-1.7	0.0
-1.73	0.0
-1.7650000000000001	0.0
-1.7650000000000001	-0.02
-1.795	-0.02
-1.825	-0.06
-1.855	-0.04
-1.855	-0.04
-1.885	-0.06
-1.915	-0.08
-1.95	-0.1
-1.945	-0.1
-1.98	-0.12
-2.0100000000000002	-0.16
-2.035	-0.18
-2.035	-0.18
-2.065	-0.22
-2.095	-0.26
-2.12	-0.3
-2.12	-0.3
-2.15	-0.34
-2.18	-0.4
-2.1750000000000003	-0.4
-2.205	-0.46
-2.23	-0.52
-2.2600000000000002	-0.58
-2.2600000000000002	-0.58
-2.285	-0.66
-2.31	-0.72
-2.335	-0.8200000000000001
-2.335	-0.8200000000000001
-2.36	-0.9
-2.3850000000000002	-1.0
-2.41	-1.1
-2.41	-1.08
-2.43	-1.2
-2.455	-1.3
-2.48	-1.44
-2.48	-1.44
-2.5	-1.56
-2.525	-1.68
-2.545	-1.8
-2.545	-1.82
-2.565	-1.96
-2.59	-2.08
-2.605	-2.24
-2.61	-2.24
-2.625	-2.38
-2.65	-2.52
-2.67	-2.68
-2.67	-2.66
-2.69	-2.82
-2.71	-2.94
-2.735	-3.1
-2.735	-3.08
-2.755	-3.22
-2.7800000000000002	-3.36
-2.795	-3.48
-2.8000000000000003	-3.48
-2.825	-3.64
-2.845	-3.74
-2.865	-3.88
-2.865	-3.88
-2.8850000000000002	-4.0200000000000005
-2.91	-4.16
-2.93	-4.3
-2.93	-4.28
-2.955	-4.44
-2.975	-4.5600000000000005
-2.995	-4.7
-2.995	-4.7
-3.015	-4.86
-3.04	-5.0
-3.04	-5.0
-3.06	-5.14
-3.08	-5.28
-3.1	-5.42
-3.1	-5.42
-3.125	-5.58
-3.145	-5.72
-3.16	-5.9
-3.16	-5.88
-3.18	-6.04
-3.205	-6.2
-3.22	-6.36
-3.22	-6.36
-3.24	-6.5200000000000005
-3.2600000000000002	-6.68
-3.2800000000000002	-6.84
-3.2800000000000002	-6.86
-3.3000000000000003	-7.0200000000000005
-3.3200000000000003	-7.2
-3.335	-7.36
-3.34	-7.38
-3.36	-7.54
-3.375	-7.7
-3.395	-7.88
-3.39	-7.9
-3.41	-8.06
-3.43	-8.26
-3.45	-8.44
-3.45	-8.42
-3.465	-8.6
-3.485	-8.78
-3.5	-8.98
-3.5	-8.98
-3.52	-9.16
-3.535	-9.36
-3.555	-9.56
-3.555	-9.540000000000001
-3.575	-9.74
-3.59	-9.94
-3.605	-10.14
-3.605	-10.14
-3.625	-10.32
-3.64	-10.540000000000001
-3.6550000000000002	-10.72
-3.66	-10.72
-3.6750000000000003	-10.94
-3.69	-11.14
-3.705	-11.34
-3.705	-11.36
-3.72	-11.56
-3.74	-11.76
-3.74	-11.76
-3.755	-11.96
-3.77	-12.18
-3.785	-12.38
-3.785	-12.38
-3.8000000000000003	-12.6
-3.8200000000000003	-12.82
-3.835	-13.040000000000001
-3.835	-13.040000000000001
-3.85	-13.24
-3.865	-13.48
-3.88	-13.700000000000001
-3.88	-13.700000000000001
-3.895	-13.9
-3.915	-14.14
-3.9250000000000003	-14.34
-3.9250000000000003	-14.36
-3.94	-14.56
-3.955	-14.8
-3.97	-15.02
-3.97	-15.02
-3.99	-15.24
-4.0	-15.46
-4.0200000000000005	-15.700000000000001
-4.0200000000000005	-15.700000000000001
-4.03	-15.92
-4.045	-16.16
-4.0600000000000005	-16.38
-4.0600000000000005	-16.38
-4.075	-16.62
-4.085	-16.84
-4.105	-17.1
-4.105	-17.080000000000002
-4.115	-17.32
-4.13	-17.56
-4.1450000000000005	-17.78
-4.1450000000000005	-17.78
-4.16	-18.02
-4.175	-18.26
-4.19	-18.5
-4.19	-18.5
-4.205	-18.740000000000002
-4.215	-18.98
-4.23	-19.2
-4.23	-19.22
-4.245	-19.44
-4.26	-19.68
-4.2700000000000005	-19.94
-4.2700000000000005	-19.94
-4.285	-20.18
-4.3	-20.240000000000002
-4.3	-20.240000000000002
