0.005	0.02
0.005	0.02
0.01	0.02
0.005	0.02
0.01	0.02
0.01	0.02
0.01	0.02
0.005	0.02
0.01	0.02
0.005	0.02
0.005	0.04
0.005	0.04
0.055	0.5
0.055	0.5
0.09	0.9
0.095	0.9
0.115	1.12
0.115	1.12
0.13	1.26
0.13	1.28
0.15	1.42
0.145	1.42
0.16	1.58
0.16	1.58
0.17500000000000002	1.74
0.17500000000000002	1.74
0.19	1.9000000000000001
0.19	1.9000000000000001
0.20500000000000002	2.08
0.21	2.08
0.23	2.22
0.225	2.22
0.245	2.4
0.245	2.4
0.26	2.58
0.26	2.58
0.28	2.7600000000000002
0.28	2.7600000000000002
0.295	2.92
0.295	2.92
0.315	3.1
0.315	3.1
0.33	3.2800000000000002
0.335	3.2800000000000002
0.35000000000000003	3.44
0.35000000000000003	3.44
0.365	3.6
0.365	3.6
0.385	3.7600000000000002
0.385	3.7800000000000002
0.4	3.96
0.405	3.94
0.42	4.12
0.435	4.3
0.44	4.3
0.455	4.46
0.46	4.46
0.47500000000000003	4.64
0.47500000000000003	4.64
0.495	4.82
0.49	4.82
0.51	4.96
0.51	4.98
0.53	5.16
0.53	5.14
0.55	5.32
0.55	5.32
0.5650000000000001	5.5
0.5700000000000001	5.5
0.585	5.66
0.585	5.66
0.6	5.84
0.605	5.84
0.62	6.0
0.62	6.0
0.64	6.18
0.64	6.18
0.66	6.34
0.66	6.34
0.675	6.5
0.68	6.5
0.6950000000000001	6.68
0.6950000000000001	6.66
0.715	6.84
0.71	6.82
0.73	6.98
0.73	6.98
0.745	7.140000000000001
0.75	7.140000000000001
0.765	7.3
0.765	7.3
0.785	7.46
0.785	7.48
0.8	7.640000000000001
0.8	7.62
0.8250000000000001	7.82
0.8200000000000001	7.8
0.84	7.98
0.84	7.98
0.86	8.14
0.86	8.14
0.88	8.3
0.88	8.3
0.9	8.48
0.92	8.64
0.915	8.620000000000001
0.935	8.8
0.935	8.8
0.9550000000000001	8.94
0.9500000000000001	8.94
0.975	9.120000000000001
0.975	9.120000000000001
0.99	9.28
0.99	9.28
1.01	9.46
1.01	9.44
1.03	9.6
1.03	9.6
1.05	9.78
1.05	9.78
1.065	9.94
1.07	9.92
1.085	10.08
1.09	10.08
1.105	10.24
1.105	10.24
1.125	10.42
1.125	10.42
1.145	10.58
1.145	10.58
1.165	10.72
1.165	10.76
1.185	10.9
1.185	10.9
1.205	11.06
1.2	11.06
1.22	11.22
1.22	11.22
1.24	11.4
1.24	11.38
1.2550000000000001	11.52
1.26	11.52
1.28	11.700000000000001
1.28	11.700000000000001
1.3	11.86
1.295	11.86
1.315	12.02
1.315	12.02
1.335	12.18
1.34	12.18
1.355	12.34
1.36	12.32
1.375	12.5
1.375	12.48
1.395	12.64
1.415	12.8
1.415	12.780000000000001
1.435	12.96
1.435	12.96
1.455	13.120000000000001
1.455	13.1
1.475	13.280000000000001
1.475	13.26
1.495	13.42
1.495	13.42
1.5150000000000001	13.58
1.5150000000000001	13.58
1.5350000000000001	13.74
1.53	13.74
1.555	13.88
1.555	13.9
1.57	14.040000000000001
1.57	14.040000000000001
1.59	14.200000000000001
1.595	14.200000000000001
1.61	14.36
1.61	14.36
1.6300000000000001	14.5
1.6300000000000001	14.5
1.6500000000000001	14.64
1.6500000000000001	14.66
1.67	14.82
1.67	14.8
1.69	14.96
1.69	14.96
1.71	15.120000000000001
1.71	15.120000000000001
1.73	15.26
1.73	15.26
1.75	15.42
1.75	15.42
1.77	15.58
1.77	15.58
1.7850000000000001	15.74
1.79	15.74
1.81	15.88
1.81	15.88
1.83	16.04
1.83	16.04
1.85	16.18
1.855	16.18
1.87	16.34
1.87	16.34
1.8900000000000001	16.48
1.8900000000000001	16.48
1.9100000000000001	16.64
1.93	16.78
1.93	16.78
1.95	16.94
1.95	16.94
1.97	17.080000000000002
1.97	17.080000000000002
1.99	17.240000000000002
1.99	17.22
2.0100000000000002	17.38
2.005	17.38
2.0300000000000002	17.52
2.025	17.52
2.05	17.66
2.05	17.68
2.07	17.82
2.07	17.82
2.09	17.98
2.09	17.98
2.11	18.12
2.11	18.12
2.13	18.26
2.13	18.28
2.15	18.42
2.15	18.42
2.17	18.56
2.17	18.56
2.19	18.7
2.19	18.7
2.21	18.84
2.21	18.84
2.23	19.0
2.23	19.0
2.255	19.14
2.25	19.14
2.27	19.3
2.27	19.3
2.295	19.42
2.295	19.44
2.315	19.580000000000002
2.315	19.580000000000002
2.33	19.72
2.33	19.72
2.355	19.86
2.35	19.86
2.37	20.0
2.375	20.0
2.395	20.16
2.39	20.16
2.415	20.22
2.41	20.22
