0.005	0.02
0.005	0.04
0.005	0.04
0.005	0.02
0.005	0.02
0.005	0.04
0.005	0.04
0.005	0.04
0.0	0.04
0.0	0.02
-0.04	0.04
-0.105	0.04
-0.105	0.02
-0.135	0.04
-0.16	0.02
-0.19	0.02
-0.185	0.04
-0.215	0.02
-0.245	0.02
-0.28	0.04
-0.275	0.04
-0.31	0.04
-0.34500000000000003	0.02
-0.375	0.04
-0.375	0.02
-0.405	0.04
-0.44	0.02
-0.47000000000000003	0.02
-0.47000000000000003	0.02
-0.5	0.04
-0.535	0.02
-0.56	0.04
-0.56	0.02
-0.595	0.02
-0.625	0.04
-0.66	0.04
-0.66	0.04
-0.6900000000000001	0.02
-0.72	0.04
-0.75	0.04
-0.755	0.04
-0.785	0.02
-0.8200000000000001	0.04
-0.85	0.04
-0.85	0.04
-0.88	0.02
-0.91	0.02
-0.9450000000000001	0.02
-0.9450000000000001	0.04
-0.975	0.04
-1.01	0.04
-1.01	0.02
-1.04	0.02
-1.07	0.02
-1.105	0.04
-1.105	0.04
-1.135	0.04
-1.165	0.02
-1.19	0.04
-1.19	0.02
-1.22	0.02
-1.25	0.04
-1.29	0.04
-1.285	0.04
-1.32	0.04
-1.35	0.02
-1.385	0.02
-1.3800000000000001	0.02
-1.415	0.02
-1.445	0.02
-1.475	0.02
-1.48	0.02
-1.51	0.02
-1.54	0.02
-1.575	0.02
-1.575	0.02
-1.605	0.02
-1.635	0.02
-1.665	0.02
-1.67	0.0
-1.7	0.0
-1.735	0.0
-1.7650000000000001	-0.02
-1.7650000000000001	0.0
-1.795	-0.02
-1.825	-0.04
-1.86	-0.04
-1.855	-0.06
-1.8900000000000001	-0.08
-1.92	-0.08
-1.945	-0.1
-1.945	-0.12
-1.975	-0.12
-2.005	-0.16
-2.035	-0.18
-2.035	-0.2
-2.06	-0.22
-2.095	-0.26
-2.12	-0.3
-2.12	-0.3
-2.15	-0.36
-2.18	-0.4
-2.18	-0.4
-2.205	-0.46
-2.23	-0.52
-2.2600000000000002	-0.58
-2.2600000000000002	-0.58
-2.285	-0.66
-2.31	-0.72
-2.335	-0.8
-2.335	-0.8200000000000001
-2.36	-0.9
-2.3850000000000002	-0.98
-2.41	-1.1
-2.41	-1.1
-2.43	-1.2
-2.455	-1.32
-2.48	-1.42
-2.48	-1.44
-2.5	-1.54
-2.52	-1.68
-2.54	-1.8
-2.545	-1.8
-2.565	-1.94
-2.585	-2.08
-2.605	-2.22
-2.605	-2.22
-2.625	-2.38
-2.65	-2.52
-2.67	-2.66
-2.67	-2.66
-2.69	-2.8000000000000003
-2.71	-2.94
-2.735	-3.08
-2.735	-3.08
-2.755	-3.2
-2.775	-3.34
-2.795	-3.48
-2.795	-3.48
-2.82	-3.62
-2.84	-3.74
-2.86	-3.86
-2.865	-3.86
-2.8850000000000002	-4.0
-2.9050000000000002	-4.14
-2.93	-4.28
-2.9250000000000003	-4.26
-2.95	-4.42
-2.97	-4.54
-2.99	-4.68
-2.99	-4.7
-3.015	-4.82
-3.035	-4.96
-3.035	-4.96
-3.055	-5.12
-3.08	-5.26
-3.095	-5.4
-3.095	-5.4
-3.115	-5.5600000000000005
-3.14	-5.72
-3.1550000000000002	-5.86
-3.1550000000000002	-5.86
-3.18	-6.0
-3.1950000000000003	-6.16
-3.215	-6.32
-3.215	-6.3
-3.235	-6.48
-3.255	-6.66
-3.275	-6.82
-3.275	-6.82
-3.295	-6.98
-3.315	-7.16
-3.33	-7.32
-3.335	-7.32
-3.35	-7.5
-3.37	-7.68
-3.39	-7.84
-3.39	-7.84
-3.4050000000000002	-8.02
-3.4250000000000003	-8.2
-3.4450000000000003	-8.38
-3.4450000000000003	-8.38
-3.46	-8.56
-3.48	-8.74
-3.495	-8.92
-3.495	-8.92
-3.515	-9.1
-3.535	-9.3
-3.5500000000000003	-9.48
-3.5500000000000003	-9.5
-3.565	-9.68
-3.585	-9.88
-3.6	-10.08
-3.605	-10.08
-3.615	-10.26
-3.6350000000000002	-10.46
-3.65	-10.66
-3.65	-10.66
-3.665	-10.86
-3.685	-11.06
-3.7	-11.26
-3.7	-11.26
-3.715	-11.46
-3.73	-11.68
-3.73	-11.66
-3.745	-11.88
-3.765	-12.08
-3.7800000000000002	-12.280000000000001
-3.7800000000000002	-12.3
-3.795	-12.52
-3.81	-12.72
-3.825	-12.92
-3.825	-12.94
-3.845	-13.14
-3.86	-13.38
-3.875	-13.58
-3.875	-13.58
-3.89	-13.8
-3.9050000000000002	-14.02
-3.92	-14.24
-3.92	-14.24
-3.93	-14.44
-3.95	-14.68
-3.96	-14.9
-3.9650000000000003	-14.88
-3.98	-15.120000000000001
-3.99	-15.32
-4.005	-15.56
-4.005	-15.540000000000001
-4.0200000000000005	-15.780000000000001
-4.04	-16.02
-4.05	-16.240000000000002
-4.05	-16.22
-4.065	-16.46
-4.08	-16.7
-4.095	-16.94
-4.095	-16.94
-4.105	-17.16
-4.12	-17.400000000000002
-4.135	-17.62
-4.135	-17.62
-4.15	-17.86
-4.165	-18.080000000000002
-4.175	-18.32
-4.18	-18.32
-4.19	-18.56
-4.205	-18.8
-4.22	-19.02
-4.22	-19.02
-4.23	-19.26
-4.245	-19.5
-4.26	-19.740000000000002
-4.26	-19.740000000000002
-4.2700000000000005	-19.98
-4.285	-20.22
-4.285	-20.22
